41.000190 -441 794 951
41.008396 -438 791 955
41.015362 -436 790 957
41.023386 -441 789 957
41.031380 -442 792 955
41.039206 -441 792 952
41.047392 -442 786 952
41.054349 -441 785 954
41.062363 -441 791 953
41.070293 -443 793 950
41.078606 -447 788 955
41.086364 -445 791 958
41.094387 -438 792 955
41.101383 -441 787 958
41.109367 -444 793 960
41.117848 -443 796 955
41.125364 -445 790 951
41.133361 -439 790 954
41.140174 -439 792 957
41.148417 -440 791 956
41.156298 -439 789 957
41.164436 -442 788 956
41.172515 -442 794 953
41.180419 -443 794 953
41.187104 -440 789 955
41.195135 -436 791 958
41.203156 -440 791 958
41.211192 -440 790 953
41.219310 -440 791 954
41.226243 -442 794 958
41.234368 -442 791 958
41.242369 -440 786 956
41.250368 -436 791 955
41.258300 -439 792 959
41.266371 -442 791 959
41.273369 -439 793 953
41.281401 -443 791 955
41.289361 -447 790 956
41.297454 -443 791 954
41.305299 -440 790 953
41.313397 -438 790 953
41.320349 -439 793 952
41.328399 -437 795 948
41.336398 -438 791 951
41.344284 -442 790 955
41.352377 -440 793 955
41.359160 -444 789 958
41.367556 -443 787 961
41.375370 -439 792 961
41.383369 -444 791 957
41.391264 -444 788 956
41.399218 -441 789 958
41.406399 -440 792 954
41.414421 -442 791 950
41.422516 -444 788 954
41.430460 -439 787 957
41.438284 -438 788 955
41.445375 -443 794 953
41.453372 -439 794 951
41.461376 -438 786 957
41.469370 -442 786 958
41.477347 -444 789 956
41.485372 -444 787 954
41.492407 -440 789 952
41.500279 -443 787 956
41.508399 -443 790 958
41.516402 -439 793 958
41.524425 -442 789 956
41.531355 -444 791 955
41.539368 -446 790 956
41.547408 -444 787 958
41.555298 -439 790 956
41.563393 -441 790 952
41.571367 -442 790 954
41.578370 -442 791 958
41.586493 -440 789 957
41.594379 -441 788 957
41.602414 -445 790 960
41.610360 -440 787 958
41.617433 -442 784 960
41.625380 -447 791 960
41.633374 -442 793 955
41.641331 -439 787 953
41.649366 -441 790 951
41.657826 -443 795 954
41.664504 -439 792 958
41.672653 -434 792 955
41.680682 -442 792 955
41.688483 -448 793 954
41.696299 -443 790 953
41.703367 -442 788 958
41.711310 -442 795 958
41.719303 -445 792 954
41.727378 -448 786 957
41.735376 -446 789 957
41.743538 -445 791 955
41.750425 -444 791 960
41.758594 -446 789 961
41.766191 -446 790 956
41.774401 -440 794 957
41.782349 -443 792 962
41.789433 -443 791 959
41.797490 -440 792 955
41.805297 -436 790 954
41.813386 -431 789 955
41.821370 -441 788 955
41.829382 -448 786 953
41.836409 -445 783 952
41.844409 -444 789 951
41.852412 -446 790 949
41.860306 -442 784 956
41.868406 -438 786 959
41.875385 -442 791 953
41.883316 -443 787 953
41.891387 -437 786 958
41.899314 -442 787 958
41.907432 -443 790 955
41.915374 -436 793 953
41.922530 -439 790 952
41.930401 -442 788 954
41.938509 -440 787 960
41.946377 -437 789 959
41.954378 -438 793 955
41.962378 -447 791 956
41.969378 -446 791 956
41.977613 -442 791 954
41.985378 -442 791 954
41.993383 -442 792 952
42.001381 -445 788 955
42.008408 -442 786 957
42.016437 -442 787 956
42.024545 -442 788 955
42.032405 -438 793 953
42.040253 -443 794 953
42.048414 -443 790 952
42.055315 -437 786 952
42.063397 -440 786 954
42.071380 -441 793 953
42.079221 -441 791 954
42.087389 -442 788 954
42.094382 -440 794 955
42.102383 -443 794 954
42.110359 -445 792 951
42.118432 -443 793 953
42.126380 -439 794 958
42.134382 -439 790 957
42.141311 -445 785 954
42.149380 -438 789 952
42.157660 -434 790 955
42.165313 -443 790 958
42.173338 -444 792 955
42.180195 -442 788 952
42.188410 -444 788 954
42.196406 -444 788 958
42.204408 -443 787 953
42.212404 -440 791 946
42.220324 -444 791 952
42.227383 -444 790 957
42.235388 -439 790 954
42.243340 -442 791 952
42.251383 -443 791 951
42.259441 -444 787 954
42.266383 -444 787 957
42.274424 -440 790 954
42.282290 -436 789 951
42.290420 -439 791 951
42.298808 -447 792 955
42.306326 -445 793 954
42.313396 -437 793 951
42.321408 -440 792 954
42.329401 -443 791 955
42.337597 -440 788 955
42.345389 -438 787 955
42.352450 -439 791 952
42.360779 -449 794 953
42.368842 -449 795 959
42.376484 -442 791 958
42.384479 -443 789 952
42.392345 -441 791 953
42.399206 -443 787 959
42.407433 -442 788 958
42.415394 -443 793 953
42.423376 -450 790 954
42.431440 -446 788 956
42.438383 -439 791 957
42.446420 -438 793 954
42.454408 -439 790 954
42.462408 -442 789 957
42.470395 -443 790 957
42.478343 -442 788 954
42.485340 -443 790 954
42.493278 -443 795 959
42.501296 -445 787 958
42.509251 -445 782 953
42.517359 -436 794 948
42.525387 -431 794 953
42.532421 -454 779 965
42.540407 -440 810 937
42.548437 -408 824 925
42.556338 -450 771 964
42.564318 -454 775 956
42.571257 -424 798 944
42.579337 -443 782 960
42.587277 -449 789 955
42.595393 -443 794 954
42.603288 -446 789 956
42.611350 -446 787 954
42.618323 -449 781 952
42.626346 -448 783 951
42.634397 -441 789 956
42.642393 -442 791 958
42.650312 -446 789 956
42.657502 -451 783 959
42.665346 -456 780 960
42.673321 -456 782 958
42.681688 -458 784 957
42.689439 -460 784 960
42.697514 -459 783 964
42.704451 -455 785 961
42.712428 -447 789 954
42.720268 -448 790 953
42.728434 -450 788 957
42.736448 -448 787 954
42.743281 -445 789 954
42.751345 -444 793 955
42.759252 -450 792 952
42.767240 -451 789 952
42.775402 -446 790 953
42.783304 -446 789 952
42.790412 -450 790 953
42.798277 -451 792 956
42.806449 -447 792 953
42.814449 -446 789 949
42.822447 -454 787 955
42.829410 -452 787 956
42.837523 -446 784 953
42.845408 -449 785 952
42.853406 -450 785 954
42.861298 -448 784 958
42.869418 -450 788 959
42.876440 -450 792 957
42.884307 -450 790 954
42.892421 -449 787 954
42.900257 -450 789 955
42.908424 -448 788 954
42.916428 -448 784 955
42.923298 -451 788 955
42.931354 -450 792 957
42.940270 -454 787 959
42.947330 -451 787 956
42.955272 -448 788 953
42.962332 -452 785 953
42.970265 -453 787 951
42.978360 -450 790 954
42.986434 -450 790 957
42.994436 -452 787 954
43.001281 -451 784 956
43.009435 -445 790 959
43.017862 -443 796 959
43.025365 -447 791 957
43.033413 -450 784 959
43.041399 -451 786 955
43.048466 -451 787 953
43.056547 -452 785 956
43.064484 -447 786 954
43.072338 -444 786 956
43.080241 -450 783 956
43.088434 -449 786 955
43.095412 -447 790 960
43.103595 -446 792 958
43.111413 -443 793 956
43.119260 -449 789 956
43.127411 -446 787 955
43.134414 -441 791 958
43.142417 -446 789 956
43.150347 -447 786 953
43.158383 -446 786 954
43.166410 -445 790 951
43.174460 -446 790 948
43.181457 -449 787 951
43.189350 -446 788 955
43.197776 -442 791 955
43.205340 -444 790 953
43.213415 -448 787 955
43.220291 -448 788 954
43.228430 -440 791 952
43.236434 -437 790 955
43.244432 -446 790 955
43.252434 -447 791 952
43.260274 -446 788 957
43.267399 -448 787 959
43.275405 -449 787 953
43.283350 -449 784 951
43.291447 -446 785 956
43.299246 -446 789 955
43.306280 -446 792 951
43.314449 -443 788 951
43.322347 -445 784 954
43.330376 -445 787 956
43.338538 -446 789 956
43.346412 -444 787 951
43.353413 -443 788 945
43.361415 -447 788 951
43.369351 -446 790 960
43.377515 -442 789 957
43.385416 -446 786 949
43.392381 -445 786 952
43.400328 -447 785 959
43.408470 -447 788 955
43.416443 -444 790 953
43.424422 -448 787 959
43.432444 -452 789 955
43.439314 -451 788 951
43.447449 -449 785 956
43.455351 -447 786 958
43.463405 -445 789 954
43.471416 -443 788 954
43.478313 -443 786 955
43.486411 -441 788 955
43.494411 -439 789 957
43.502407 -443 786 952
43.510422 -442 788 945
43.518276 -442 789 951
43.525358 -445 788 958
43.533409 -443 788 955
43.541481 -444 790 950
43.549388 -445 791 948
43.557482 -442 789 949
43.564579 -443 789 956
43.572567 -448 792 961
43.580328 -450 790 956
43.588618 -441 788 949
43.596551 -442 787 951
43.604439 -448 785 956
43.611287 -442 788 953
43.619247 -438 786 954
43.627423 -440 783 957
43.635415 -441 789 955
43.643410 -442 793 953
43.651413 -441 789 954
43.658516 -444 784 958
43.666417 -444 789 957
43.674453 -441 794 953
43.682412 -438 788 955
43.690429 -439 786 957
43.697504 -442 789 960
43.705616 -439 788 957
43.713419 -436 788 954
43.721296 -439 791 961
43.729413 -436 787 958
43.737533 -439 782 951
43.744398 -457 791 952
43.752652 -455 798 955
43.760497 -441 787 956
43.768534 -434 783 956
43.776447 -426 788 952
43.783423 -431 783 952
43.791462 -447 785 954
43.799268 -454 794 956
43.807800 -451 793 958
43.815439 -447 784 957
43.823357 -439 784 956
43.830437 -431 793 959
43.838545 -439 790 955
43.846419 -447 784 949
43.854422 -444 784 956
43.862419 -443 785 959
43.869433 -443 791 953
43.877424 -446 793 956
43.885412 -451 787 962
43.893423 -454 788 955
43.901421 -448 790 955
43.909425 -432 789 961
43.916447 -432 789 961
43.924493 -446 794 956
43.932455 -448 797 954
43.940258 -445 792 956
43.948499 -444 787 956
43.955420 -442 789 955
43.963441 -437 790 958
43.971457 -435 789 958
43.979273 -439 787 955
43.987421 -443 788 955
43.995416 -445 794 958
44.002370 -443 793 955
44.010411 -439 787 953
44.018273 -445 782 954
44.026420 -444 788 954
44.034449 -434 793 955
44.042330 -441 788 957
44.049448 -451 789 953
44.057857 -448 790 950
44.065385 -439 786 953
44.073425 -439 785 955
44.081358 -447 787 955
44.088472 -442 789 956
44.096392 -437 793 955
44.104395 -441 797 954
44.112470 -441 793 954
44.120492 -444 786 955
44.127427 -443 790 956
44.135421 -439 793 957
44.143424 -444 790 958
44.151364 -447 792 956
44.159303 -443 794 954
44.167433 -444 789 955
44.174455 -447 787 956
44.182300 -439 790 959
44.190435 -433 793 962
44.198322 -443 794 959
44.206361 -447 793 951
44.214466 -442 788 953
44.221324 -442 786 958
44.229431 -441 791 956
44.237504 -443 787 953
44.245433 -442 783 955
44.253433 -438 793 957
44.260417 -440 795 956
44.268484 -440 789 953
44.276660 -439 790 954
44.284416 -442 793 959
44.292462 -445 792 957
44.300371 -443 790 955
44.307350 -436 791 956
44.315457 -434 792 960
44.323358 -441 789 958
44.331468 -446 789 957
44.339279 -446 793 960
44.346427 -446 797 961
44.354404 -446 794 957
44.362445 -443 789 957
44.370418 -438 791 957
44.378594 -441 788 955
44.386443 -445 786 955
44.393447 -440 791 955
44.401445 -437 793 954
44.409444 -441 793 953
44.417526 -444 794 956
44.425427 -442 792 958
44.432477 -443 790 955
44.440287 -445 790 955
44.448524 -438 792 957
44.456450 -438 793 957
44.464535 -443 793 955
44.472383 -439 792 954
44.479263 -442 792 955
44.487433 -445 791 958
44.495433 -442 786 957
44.503434 -440 786 954
44.511436 -435 789 954
44.518478 -438 791 955
44.526442 -443 792 955
44.534431 -440 788 960
44.542282 -442 787 963
44.550218 -444 792 955
44.558374 -443 789 952
44.565281 -440 787 955
44.573383 -440 789 955
44.581376 -442 787 953
44.589320 -443 787 953
44.597830 -443 788 954
44.605261 -442 790 956
44.612405 -439 792 956
44.620319 -442 789 955
44.628510 -442 788 954
44.636247 -442 794 953
44.644468 -445 791 956
44.651347 -445 789 963
44.659299 -441 792 962
44.667439 -438 792 954
44.675416 -440 792 955
44.683444 -441 792 960
44.691475 -440 793 952
44.698461 -441 792 950
44.706284 -437 792 957
44.714481 -436 789 959
44.722377 -440 784 959
44.730390 -440 788 956
44.737609 -443 793 954
44.745449 -446 792 955
44.753442 -446 790 954
44.761451 -450 792 954
44.769446 -448 793 955
44.776476 -442 790 956
44.784470 -439 791 958
44.792623 -436 792 957
44.800383 -440 788 957
44.808509 -442 790 957
44.816497 -441 789 955
44.823466 -445 785 954
44.832238 -446 787 958
44.839431 -443 790 957
44.847473 -441 789 954
44.856202 -442 786 957
44.863687 -440 788 956
44.870657 -435 791 954
44.878762 -439 789 957
44.886779 -447 789 955
44.894716 -449 791 953
44.902508 -442 789 956
44.909703 -437 792 957
44.917593 -441 791 955
44.925627 -436 787 955
44.933614 -432 791 957
44.941470 -441 796 958
44.949571 -441 791 955
44.956465 -441 787 953
44.964519 -444 791 956
44.972470 -435 792 958
44.980546 -438 790 957
44.988576 -447 787 955
44.995493 -440 786 957
45.003460 -442 787 955
45.011455 -457 791 951
45.019289 -451 790 957
45.027383 -421 786 960
45.035460 -415 783 951
45.042458 -444 788 948
45.050446 -456 797 956
45.058495 -457 793 963
45.066446 -456 787 962
45.074476 -437 784 957
45.081339 -423 780 955
45.089385 -434 787 951
45.097721 -447 793 951
45.105406 -449 790 956
45.113445 -447 790 957
45.121472 -442 795 955
45.128434 -439 791 957
45.136483 -450 789 955
45.144477 -459 790 951
45.152490 -443 787 955
45.160440 -427 784 958
45.167460 -432 791 953
45.175492 -440 795 953
45.183463 -442 790 958
45.191505 -449 788 960
45.199408 -451 789 959
45.207339 -438 786 955
45.214463 -437 783 953
45.222568 -446 786 956
45.230499 -442 792 954
45.239139 -442 790 954
45.246622 -446 789 958
45.254686 -445 793 956
45.261465 -444 790 957
45.269505 -438 787 959
45.277669 -437 788 952
45.285461 -445 792 950
45.293456 -447 795 957
45.300458 -446 788 960
45.308523 -449 788 960
45.316441 -445 792 959
45.324511 -435 789 956
45.332500 -433 787 952
45.340409 -445 788 952
45.347457 -446 789 952
45.355379 -441 785 952
45.363456 -447 786 955
45.371462 -448 788 955
45.379601 -446 786 959
45.386453 -444 786 959
45.394465 -442 791 954
45.402455 -440 793 951
45.410468 -441 795 952
45.418604 -447 794 958
45.426461 -445 793 958
45.433461 -442 797 953
45.441513 -444 795 952
45.449465 -440 787 956
45.457547 -440 783 958
45.465516 -443 788 957
45.472340 -444 794 956
45.480531 -440 791 958
45.488498 -437 791 955
45.496497 -439 793 948
45.504501 -441 790 951
45.512501 -439 790 957
45.519273 -442 792 953
45.527457 -440 792 951
45.535456 -434 786 954
45.543458 -435 784 954
45.551420 -439 789 953
45.558991 -440 791 952
45.566725 -438 789 955
45.574534 -442 790 960
45.582591 -450 794 956
45.590481 -444 794 950
45.598620 -441 793 953
45.605392 -445 792 954
45.613461 -444 787 954
45.621416 -443 785 958
45.629469 -444 790 958
45.637415 -444 791 952
45.644503 -443 792 948
45.652495 -440 793 949
45.660386 -443 789 954
45.668521 -441 790 958
45.676537 -440 793 960
45.684432 -441 788 959
45.691514 -440 786 955
45.699313 -443 787 955
45.707396 -444 788 955
45.715517 -445 789 952
45.723369 -446 790 952
45.730477 -442 791 953
45.738504 -445 789 955
45.746629 -447 790 955
45.754628 -443 792 956
45.762481 -444 792 959
45.770516 -445 792 959
45.777644 -445 790 957
45.785471 -447 789 955
45.793471 -448 792 955
45.801475 -446 794 956
45.809493 -443 792 954
45.816500 -443 789 953
45.824500 -444 791 956
45.832519 -445 790 959
45.840307 -444 787 957
45.848547 -438 791 954
45.856383 -442 791 953
45.863472 -445 785 954
45.871477 -444 790 955
45.879537 -447 795 952
45.887474 -440 791 954
45.895476 -436 787 960
45.903474 -441 791 955
45.910431 -444 794 952
45.918460 -445 788 958
45.926505 -447 786 959
45.934476 -447 789 956
45.942472 -440 790 956
45.949470 -436 789 953
45.958424 -442 789 952
45.965519 -446 790 957
45.973474 -443 791 958
45.981513 -443 790 954
45.989491 -446 790 953
45.996504 -443 790 955
46.004498 -439 789 955
46.012497 -439 790 957
46.020492 -445 793 957
46.028507 -446 793 952
46.035483 -445 791 952
46.043485 -445 791 952
46.051481 -443 791 950
46.059494 -443 787 956
46.067483 -440 790 960
46.075501 -441 793 956
46.082396 -446 790 952
46.090484 -443 790 953
46.098524 -440 792 955
46.106400 -441 790 955
46.114494 -443 788 958
46.121498 -444 787 958
46.129536 -442 789 954
46.138055 -442 790 953
46.145515 -442 788 958
46.153252 -440 788 959
46.161284 -442 790 956
46.168228 -439 791 956
46.176408 -437 785 957
46.184464 -438 788 955
46.192507 -440 793 955
46.200305 -442 786 960
46.207415 -444 787 957
46.215520 -444 793 952
46.223535 -440 789 955
46.231519 -437 789 958
46.239460 -441 791 954
46.247476 -439 788 952
46.254475 -439 789 954
46.262443 -446 793 955
46.270492 -444 791 954
46.278643 -444 788 954
46.286456 -444 794 955
46.293457 -440 795 957
46.301491 -444 790 956
46.309500 -446 790 951
46.317653 -442 788 951
46.325530 -441 786 954
46.333494 -442 788 953
46.340485 -444 790 955
46.348565 -443 790 956
46.356446 -443 790 954
46.364473 -443 793 955
46.372444 -440 791 956
46.379304 -440 789 957
46.387483 -442 790 955
46.395479 -440 787 955
46.403483 -437 786 954
46.411484 -440 794 948
46.419333 -444 792 947
46.426484 -441 787 953
46.434480 -442 792 959
46.442496 -445 794 960
46.450536 -439 790 960
46.458463 -439 789 956
46.466785 -448 790 954
46.473593 -446 788 958
46.481651 -442 787 961
46.489661 -444 789 955
46.498146 -445 788 951
46.505498 -443 787 955
46.512616 -440 786 958
46.520698 -443 786 955
46.528568 -443 790 953
46.536523 -441 791 953
46.544523 -441 790 953
46.551501 -443 788 955
46.559486 -447 786 957
46.567493 -444 787 958
46.575539 -440 789 957
46.583500 -445 791 956
46.591514 -448 789 957
46.598363 -442 787 956
46.606494 -438 790 953
46.614503 -444 789 951
46.622393 -445 785 953
46.630483 -440 790 956
46.639063 -444 794 956
46.645834 -445 791 952
46.653825 -442 786 950
46.661637 -441 785 952
46.669869 -436 790 950
46.677812 -438 791 952
46.684728 -443 790 957
46.692681 -443 790 955
46.700724 -445 789 952
46.708567 -444 788 953
46.716645 -441 787 955
46.724531 -441 790 952
46.731399 -440 790 953
46.739492 -441 787 957
46.747489 -438 790 955
46.755610 -439 794 953
46.763487 -448 791 951
46.770569 -448 789 951
46.778552 -444 788 955
46.786490 -442 786 955
46.794496 -442 784 954
46.802493 -445 785 954
46.810497 -446 790 952
46.817439 -444 793 956
46.825545 -441 793 959
46.833502 -440 791 954
46.841524 -445 789 952
46.849530 -445 790 955
46.856493 -442 791 955
46.864535 -440 792 954
46.872397 -440 792 953
46.880374 -443 791 956
46.888541 -443 793 958
46.896501 -443 789 952
46.903505 -446 787 948
46.911508 -447 790 954
46.919490 -444 787 958
46.927506 -436 787 955
46.935448 -437 793 956
46.943507 -446 793 956
46.950921 -444 789 954
46.959612 -443 788 954
46.966833 -442 791 958
46.975170 -442 790 959
46.982640 -446 786 957
46.989597 -442 788 954
46.998295 -442 790 953
47.005560 -447 789 955
47.013566 -448 789 958
47.021476 -444 789 958
47.029425 -442 791 955
47.036406 -444 794 953
47.044531 -446 792 954
47.052432 -443 786 956
47.060510 -440 784 957
47.068549 -442 787 956
47.075551 -447 790 954
47.083524 -448 792 956
47.091516 -442 789 956
47.099364 -444 786 955
47.107511 -447 790 952
47.115552 -445 789 948
47.122532 -445 784 947
47.130499 -448 789 954
47.138673 -444 792 958
47.146587 -437 790 950
47.154594 -441 790 952
47.161920 -446 790 958
47.170123 -442 792 952
47.178606 -445 792 947
47.185730 -446 788 953
47.193757 -442 785 957
47.201630 -442 787 954
47.208622 -440 791 953
47.216743 -442 789 954
47.224712 -447 788 957
47.232742 -443 795 957
47.240536 -441 795 955
47.247515 -445 792 958
47.255436 -445 793 958
47.263512 -443 790 955
47.271514 -443 787 956
47.279342 -445 789 955
47.287512 -443 793 951
47.294517 -444 792 956
47.302497 -443 791 958
47.310472 -437 791 954
47.318445 -443 787 956
47.326515 -446 788 960
47.333514 -440 793 956
47.341545 -440 793 952
47.349515 -440 791 954
47.357583 -444 789 958
47.365562 -445 791 953
47.373927 -443 791 951
47.381237 -445 788 959
47.388738 -442 789 955
47.396756 -441 789 952
47.404683 -447 788 957
47.412629 -446 791 953
47.419473 -441 790 950
47.427604 -439 788 958
47.435574 -442 791 957
47.443552 -446 790 951
47.451539 -442 787 953
47.459463 -443 790 955
47.466519 -450 791 952
47.474415 -450 786 955
47.482562 -444 786 957
47.490523 -441 793 957
47.498562 -444 794 954
47.505448 -444 790 953
47.513524 -443 789 958
47.521521 -444 790 960
47.529521 -444 791 954
47.537597 -441 788 951
47.545458 -440 790 953
47.552578 -443 793 954
47.560400 -442 792 952
47.568549 -440 790 949
47.576548 -444 787 950
47.584526 -441 788 955
47.592577 -439 793 955
47.599383 -446 793 954
47.607526 -444 787 956
47.615566 -439 783 956
47.623457 -443 789 957
47.631544 -444 795 957
47.638491 -442 788 953
47.646518 -440 785 951
47.654516 -443 789 956
47.662512 -449 789 958
47.670473 -446 789 955
47.678367 -440 791 952
47.685520 -439 794 952
47.693480 -443 790 953
47.701497 -445 789 953
47.709368 -441 793 955
47.717493 -440 789 954
47.724550 -439 786 951
47.732715 -438 791 952
47.740442 -446 793 957
47.748528 -448 788 955
47.756305 -447 788 954
47.764431 -445 790 956
47.771412 -441 790 954
47.779369 -443 790 953
47.787514 -442 790 954
47.795515 -439 788 954
47.803515 -441 787 956
47.810527 -441 791 958
47.818602 -442 792 957
47.826517 -438 790 958
47.834520 -436 790 959
47.842551 -438 788 954
47.850495 -439 790 954
47.857590 -440 792 958
47.865563 -439 793 954
47.873376 -440 788 950
47.881542 -447 784 953
47.889455 -447 790 955
47.896533 -442 792 955
47.904542 -446 791 952
47.912542 -447 789 952
47.920345 -444 787 956
47.928543 -445 791 958
47.936544 -445 794 955
47.943516 -442 790 954
47.951519 -442 788 960
47.959454 -443 789 960
47.967520 -440 790 956
47.975569 -442 791 955
47.982437 -443 789 958
47.990523 -443 792 961
47.998488 -446 795 956
48.006426 -441 792 954
48.014372 -436 790 958
48.022522 -448 792 954
48.029511 -450 794 949
48.037869 -442 793 956
48.045529 -441 791 958
48.053437 -444 790 953
48.061528 -444 790 957
48.069532 -443 791 957
48.076560 -445 791 954
48.084569 -442 792 957
48.092544 -439 788 954
48.100457 -444 784 950
48.109244 -441 788 955
48.115434 -440 788 958
48.123459 -450 787 953
48.131544 -451 790 954
48.139380 -440 790 960
48.147535 -436 790 958
48.154543 -443 791 953
48.162668 -446 790 950
48.170698 -444 790 952
48.178670 -443 787 959
48.186685 -441 787 961
48.194746 -444 789 956
48.201554 -445 787 953
48.209680 -440 787 958
48.217662 -443 791 958
48.225604 -443 793 955
48.233468 -441 789 954
48.241426 -441 785 958
48.249387 -437 787 958
48.256442 -439 785 954
48.264447 -442 788 952
48.272484 -441 790 952
48.280481 -442 786 951
48.287554 -441 787 954
48.295542 -441 794 961
48.303544 -446 792 961
48.311529 -444 786 955
48.319391 -439 789 958
48.327428 -438 791 960
48.334483 -439 787 952
48.342555 -445 787 946
48.350458 -448 792 953
48.358522 -444 791 960
48.366557 -440 788 952
48.373543 -443 788 948
48.381533 -441 787 957
48.389694 -433 790 959
48.397672 -438 794 954
48.405679 -443 793 953
48.413541 -442 788 958
48.420316 -446 785 959
48.428507 -445 790 955
48.436558 -440 792 955
48.444574 -440 789 957
48.452568 -443 787 956
48.459452 -443 786 957
48.467381 -439 789 957
48.475589 -440 791 953
48.483471 -441 790 953
48.491785 -438 791 958
48.499874 -441 791 955
48.506398 -445 793 952
48.514562 -445 795 957
48.522473 -444 793 958
48.530388 -440 790 953
48.538492 -441 788 955
48.545542 -442 789 957
48.553540 -440 788 954
48.562018 -443 789 952
48.569958 -443 793 952
48.577752 -442 790 955
48.585787 -446 789 955
48.592559 -447 790 952
48.600455 -443 789 956
48.608599 -440 790 956
48.616594 -444 788 951
48.624572 -446 784 952
48.631546 -444 787 955
48.639571 -443 790 956
48.647549 -441 790 957
48.655676 -441 790 955
48.663548 -440 788 955
48.671506 -438 788 958
48.678757 -444 790 956
48.686548 -444 790 951
48.694593 -440 787 952
48.702546 -441 787 958
48.710550 -439 791 955
48.718494 -440 789 954
48.725541 -447 788 958
48.733539 -445 792 955
48.741537 -442 793 950
48.749475 -445 794 953
48.757639 -446 791 955
48.764515 -439 790 952
48.772504 -439 794 953
48.780459 -444 793 954
48.788583 -437 790 953
48.796614 -439 791 952
48.804587 -448 793 954
48.811550 -446 790 956
48.819388 -441 787 957
48.827503 -442 790 954
48.835546 -444 791 950
48.843547 -440 790 952
48.850545 -439 793 956
48.858547 -447 794 955
48.866573 -448 790 952
48.874547 -445 786 957
48.882531 -446 788 960
48.890547 -443 792 955
48.897563 -445 791 955
48.905550 -449 792 957
48.913593 -447 794 955
48.921572 -440 793 955
48.929587 -434 794 958
48.936573 -441 792 955
48.944608 -448 790 950
48.952574 -445 794 954
48.960344 -441 792 957
48.968452 -439 789 954
48.976582 -442 790 955
48.983500 -444 793 958
48.991541 -442 793 957
48.999444 -443 790 955
49.007544 -442 791 955
49.015590 -439 789 956
49.022542 -437 786 951
49.030485 -435 789 950
49.038505 -439 792 956
49.046551 -439 793 958
49.054601 -440 788 951
49.062391 -445 788 953
49.069549 -444 789 958
49.077533 -443 787 955
49.085507 -442 788 952
49.093510 -440 789 956
49.101559 -443 788 954
49.109610 -445 791 950
49.116611 -444 793 958
49.124576 -444 792 961
49.133213 -445 791 954
49.140384 -442 790 954
49.148599 -436 792 956
49.155509 -439 793 954
49.163587 -442 794 954
49.171572 -438 793 957
49.179381 -443 788 959
49.187547 -450 786 957
49.194549 -446 787 956
49.202549 -441 789 956
49.210557 -443 789 958
49.218417 -445 790 959
49.226567 -441 790 956
49.234922 -440 787 954
49.241582 -440 787 953
49.249602 -437 794 951
49.257577 -441 793 953
49.265546 -443 789 957
49.273554 -442 795 959
49.281553 -446 796 959
49.288604 -444 788 957
49.296585 -442 786 956
49.304590 -444 793 960
49.312585 -443 791 957
49.320448 -443 787 952
49.327559 -443 792 950
49.335498 -444 792 948
49.343583 -443 788 954
49.351503 -440 791 960
49.359577 -445 792 957
49.367324 -446 786 953
49.374447 -445 787 955
49.382465 -445 792 955
49.390524 -439 790 953
49.398700 -438 790 953
49.406553 -445 792 955
49.413554 -446 793 954
49.421560 -441 792 951
49.429596 -442 789 952
49.437540 -447 785 954
49.445571 -444 787 952
49.453567 -443 791 952
49.460376 -450 787 956
49.468594 -448 789 954
49.476617 -441 794 952
49.484596 -440 794 958
49.492646 -443 793 959
49.499462 -445 790 955
49.507574 -442 789 958
49.515605 -442 788 958
49.523550 -442 788 950
49.531570 -442 793 951
49.539414 -445 791 961
49.546572 -439 789 958
49.554573 -434 792 952
49.562536 -441 793 952
49.570524 -442 791 954
49.578671 -439 790 955
49.585575 -443 791 954
49.593574 -448 791 952
49.601560 -445 792 953
49.609582 -438 791 958
49.617696 -438 787 958
49.625528 -439 791 955
49.632650 -439 793 955
49.640530 -439 787 956
49.648588 -437 788 958
49.656472 -440 792 958
49.664586 -444 792 953
49.671380 -444 792 950
49.679519 -445 789 956
49.687415 -442 788 956
49.695506 -441 793 953
49.703574 -442 794 956
49.711584 -441 790 958
49.718467 -442 785 958
49.726594 -438 789 956
49.734573 -438 793 957
49.742601 -443 790 956
49.750573 -442 789 953
49.757530 -443 792 956
49.765611 -444 793 957
49.773575 -440 787 953
49.781587 -437 782 951
49.789505 -436 790 958
49.797706 -439 797 960
49.804636 -443 793 954
49.812593 -441 787 950
49.820597 -439 789 951
49.828594 -438 793 952
49.836606 -443 791 953
49.843562 -448 789 955
49.851514 -444 791 958
49.859603 -443 791 961
49.867564 -442 793 955
49.875573 -441 793 950
49.883585 -444 788 955
49.890569 -447 789 957
49.898424 -446 794 953
49.906567 -438 796 952
49.914567 -440 790 952
49.922499 -447 785 955
49.930567 -446 790 959
49.937736 -444 791 957
49.945572 -444 792 951
49.953569 -441 794 951
49.961567 -437 791 955
49.969566 -439 789 956
49.976675 -442 791 957
49.984596 -436 791 956
49.992636 -439 790 953
50.000546 -445 792 957
50.008555 -441 791 958
50.016652 -444 787 950
50.023585 -445 789 948
50.031586 -439 790 960
50.039443 -441 789 961
50.047621 -444 793 952
50.055369 -442 793 952
50.062572 -440 789 955
50.070582 -438 790 953
50.078624 -442 792 953
50.086712 -444 793 953
50.094567 -440 791 953
50.102611 -440 790 956
50.109537 -443 789 957
50.117702 -442 788 955
50.125590 -438 790 952
50.133609 -441 790 951
50.141586 -445 789 952
50.148601 -439 792 952
50.156879 -437 789 951
50.164637 -442 785 952
50.172532 -442 788 956
50.180542 -442 792 956
50.188526 -443 789 953
50.195585 -444 787 957
50.203587 -444 789 960
50.211589 -443 794 957
50.219420 -446 794 954
50.227573 -445 789 957
50.234573 -440 786 959
50.242608 -440 790 952
50.250526 -444 794 950
50.258895 -446 788 957
50.266627 -442 788 957
50.274590 -441 791 955
50.281547 -440 787 960
50.289528 -438 787 959
50.297705 -441 792 955
50.305585 -439 790 956
50.313587 -441 784 954
50.320615 -446 787 953
50.328607 -441 793 959
50.336708 -438 791 961
50.344612 -439 791 954
50.352708 -438 792 950
50.360610 -445 791 954
50.367559 -452 791 958
50.375587 -446 791 958
50.383610 -436 791 952
50.391585 -437 794 949
50.399472 -444 791 956
50.407582 -440 788 956
50.414580 -437 791 951
50.422504 -445 792 952
50.430529 -448 787 957
50.438569 -444 787 959
50.446595 -437 790 954
50.453594 -441 788 952
50.461585 -445 786 956
50.469585 -438 791 959
50.477733 -437 794 955
50.485795 -441 790 952
50.493621 -442 788 956
50.500417 -440 787 959
50.508618 -438 792 956
50.516664 -442 795 954
50.524667 -446 793 956
50.532698 -441 792 954
50.539397 -441 793 953
50.547598 -444 795 955
50.555513 -441 790 955
50.563590 -441 788 952
50.571631 -442 792 951
50.579451 -442 790 955
50.586548 -440 786 959
50.594591 -440 788 960
50.602590 -443 792 957
50.610669 -443 790 952
50.618602 -444 790 950
50.625590 -441 794 953
50.633649 -441 786 955
50.641598 -447 781 955
50.649637 -445 789 953
50.657700 -444 792 955
50.665604 -444 790 958
50.672483 -441 789 956
50.680476 -438 789 954
50.688477 -438 792 956
50.696577 -441 796 955
50.704552 -444 792 951
50.711601 -442 791 954
50.719428 -442 794 956
50.727599 -443 790 951
50.735598 -444 787 953
50.743614 -442 793 956
50.751600 -441 795 951
50.758514 -444 790 952
50.766648 -439 791 953
50.774590 -438 793 949
50.782635 -441 791 952
50.790544 -440 787 955
50.798057 -443 784 956
50.805532 -443 789 956
50.813584 -439 790 955
50.821643 -444 787 953
50.829599 -447 790 953
50.837755 -447 792 957
50.844754 -449 789 956
50.852634 -446 787 951
50.861701 -439 787 951
50.868631 -440 790 954
50.876669 -443 788 954
50.884654 -441 785 951
50.891606 -440 788 952
50.899689 -442 792 954
50.907607 -441 792 952
50.915617 -444 787 949
50.923607 -444 784 949
50.930537 -439 785 955
50.939454 -444 787 958
50.946651 -447 789 955
50.954433 -443 786 955
50.962384 -442 787 958
50.969376 -445 791 956
50.977634 -444 787 954
50.985489 -438 787 958
50.993608 -440 795 958
51.001592 -442 796 954
51.009631 -443 793 955
51.016437 -446 790 955
51.024620 -441 787 948
51.032661 -435 789 951
51.040492 -440 789 961
51.048629 -443 790 956
51.056684 -442 789 950
51.063481 -444 788 952
51.071814 -444 789 956
51.079470 -446 792 961
51.087469 -444 790 958
51.095621 -443 787 953
51.102597 -443 788 956
51.110545 -441 787 956
51.118512 -446 787 953
51.126639 -444 790 955
51.134549 -440 790 954
51.142477 -444 788 950
51.149410 -443 787 953
51.157569 -440 789 959
51.165488 -445 791 958
51.173597 -450 790 956
51.181488 -446 789 959
51.188628 -440 789 958
51.196840 -440 789 954
51.204515 -439 790 955
51.212550 -439 792 955
51.220562 -442 789 953
51.228672 -443 790 953
51.235626 -446 790 954
51.243744 -446 788 952
51.251639 -443 789 952
51.259697 -443 792 952
51.267600 -442 793 953
51.274601 -443 791 957
51.283383 -446 791 959
51.290471 -442 791 958
51.298509 -440 788 960
51.306532 -440 786 957
51.314612 -442 787 955
51.321511 -444 792 957
51.329626 -442 793 954
51.337783 -441 786 953
51.345605 -439 785 953
51.353620 -436 789 951
51.360482 -441 791 954
51.368634 -445 788 955
51.376642 -448 785 953
51.384643 -450 789 956
51.392647 -446 796 956
51.400660 -440 793 951
51.407603 -440 790 952
51.415609 -442 787 958
51.423605 -438 787 959
51.431632 -439 792 956
51.439486 -443 793 953
51.446602 -438 791 955
51.454620 -438 793 958
51.462561 -445 792 953
51.470621 -446 791 952
51.478724 -445 791 960
51.486634 -441 791 960
51.493645 -440 790 953
51.501634 -441 791 953
51.509677 -438 787 955
51.517843 -440 785 955
51.525625 -444 791 957
51.532692 -442 790 959
51.540536 -441 785 960
51.548636 -443 788 961
51.556511 -442 791 959
51.564650 -442 789 956
51.572575 -446 791 953
51.579412 -443 790 952
51.587611 -435 790 956
51.595610 -442 793 958
51.603966 -446 791 955
51.611608 -437 791 953
51.618440 -439 793 953
51.626660 -443 789 953
51.634616 -444 786 957
51.642623 -449 790 958
51.650593 -446 794 956
51.658760 -442 791 958
51.665630 -444 792 958
51.673487 -447 791 958
51.681477 -445 791 957
51.689470 -444 793 954
51.697659 -448 789 954
51.705611 -441 785 958
51.712640 -436 791 956
51.720646 -445 795 953
51.728639 -448 792 954
51.736687 -441 790 953
51.744654 -438 792 956
51.751627 -441 789 959
51.759573 -444 786 955
51.767628 -442 788 951
51.775627 -444 793 956
51.783673 -448 793 958
51.791629 -446 789 956
51.798671 -441 788 954
51.806513 -436 790 953
51.814630 -439 790 954
51.822499 -444 788 954
51.830564 -441 789 951
51.837739 -441 790 953
51.845616 -444 790 955
51.853620 -445 786 952
51.861657 -443 787 953
51.869593 -440 793 956
51.878106 -444 792 958
51.884711 -445 790 958
51.892883 -441 791 954
51.900613 -446 789 950
51.908714 -451 790 954
51.916688 -447 789 959
51.923643 -439 788 956
51.931620 -439 793 954
51.939721 -443 795 953
51.947625 -440 792 956
51.955551 -440 788 958
51.963618 -442 789 955
51.970619 -442 790 956
51.978739 -443 787 960
51.986619 -445 787 953
51.994623 -448 790 950
52.002621 -444 788 959
52.010624 -438 788 960
52.017767 -442 793 958
52.025623 -445 792 958
52.033505 -442 789 954
52.041516 -442 791 953
52.049669 -444 791 954
52.056628 -442 786 955
52.064561 -439 787 956
52.072791 -440 792 956
52.080454 -445 791 953
52.088583 -442 789 953
52.095624 -440 787 960
52.103582 -442 787 960
52.111770 -442 792 952
52.119462 -442 793 952
52.127623 -444 791 958
52.135628 -446 788 954
52.142531 -443 786 951
52.150617 -441 789 958
52.159383 -445 789 960
52.167020 -442 788 956
52.174973 -439 793 959
52.182886 -439 796 954
52.189773 -438 791 947
52.197765 -445 787 957
52.205837 -447 791 961
52.213788 -438 793 952
52.221890 -439 789 953
52.228666 -444 787 960
52.236779 -443 787 957
52.244649 -440 785 954
52.252652 -443 788 954
52.260543 -444 789 954
52.268653 -442 789 957
52.275624 -449 788 958
52.283671 -451 789 956
52.291627 -443 789 956
52.299550 -441 789 955
52.307629 -439 789 953
52.314631 -439 786 954
52.322576 -442 789 955
52.330574 -443 793 954
52.338587 -444 791 956
52.346636 -445 789 953
52.354637 -444 790 950
52.361638 -446 789 952
52.369634 -447 790 953
52.377754 -448 792 953
52.385640 -444 793 955
52.393687 -440 791 957
52.400552 -442 790 954
52.408708 -443 790 953
52.416715 -444 789 956
52.424670 -441 789 957
52.432678 -439 791 956
52.440505 -446 792 954
52.447640 -448 791 952
52.455788 -444 787 956
52.463639 -440 787 956
52.471775 -445 788 951
52.479709 -445 789 954
52.486641 -433 792 957
52.494644 -435 789 954
52.502584 -447 782 955
52.510606 -448 786 960
52.518565 -444 796 956
52.526680 -442 794 952
52.533678 -441 781 954
52.541794 -443 784 953
52.551888 -444 795 950
52.561549 -443 789 956
52.567232 -438 786 958
52.572765 -439 792 952
52.580513 -448 788 952
52.588802 -445 788 957
52.596677 -441 796 958
52.604686 -445 795 956
52.612688 -447 788 956
52.619435 -449 789 952
52.627651 -449 794 949
52.635639 -445 788 955
52.643678 -441 785 959
52.651639 -442 791 956
52.658553 -440 789 955
52.666686 -436 786 957
52.674585 -439 789 954
52.682640 -439 791 955
52.690485 -436 790 957
52.698728 -441 786 955
52.705749 -443 790 953
52.713650 -442 797 956
52.721789 -444 796 955
52.729653 -443 789 954
52.737662 -442 787 958
52.744624 -442 791 957
52.752678 -444 791 953
52.760764 -442 787 953
52.768677 -437 787 954
52.776727 -439 790 955
52.784679 -442 792 956
52.791683 -441 788 955
52.799497 -442 785 955
52.807662 -440 790 953
52.815613 -441 790 954
52.823686 -444 789 956
52.831623 -444 793 956
52.838745 -445 793 955
52.846592 -438 790 956
52.854646 -438 788 957
52.862649 -446 786 951
52.870646 -444 789 952
52.878234 -438 793 961
52.885526 -436 790 958
52.893688 -440 785 949
52.901596 -447 788 954
52.909657 -448 791 959
52.917673 -446 788 953
52.924677 -445 787 953
52.932669 -446 789 954
52.940485 -445 790 955
52.948688 -436 791 956
52.956644 -437 791 954
52.963667 -444 791 952
52.971653 -445 789 955
52.979597 -446 789 957
52.987660 -445 792 954
52.995663 -445 790 957
53.003584 -447 789 959
53.010699 -445 791 957
53.018567 -442 792 958
53.026687 -445 792 953
53.034599 -448 787 949
53.042706 -443 787 952
53.049602 -441 792 956
53.057659 -444 789 955
53.065688 -439 788 956
53.073656 -441 793 958
53.081744 -444 792 954
53.089568 -440 794 951
53.096684 -441 795 952
53.104810 -443 793 953
53.112681 -444 793 954
53.120537 -446 793 954
53.128576 -444 789 954
53.135599 -443 787 953
53.143773 -444 788 952
53.151667 -441 787 952
53.159494 -441 789 956
53.167675 -445 790 960
53.175654 -445 787 954
53.182652 -442 790 951
53.190722 -443 792 958
53.198679 -448 787 961
53.206802 -445 786 954
53.214650 -441 787 955
53.221765 -444 788 959
53.229652 -446 795 957
53.237686 -448 793 956
53.245656 -446 792 955
53.253656 -445 794 958
53.261652 -446 789 959
53.268690 -447 789 953
53.276711 -444 794 949
53.284681 -438 794 952
53.292679 -442 792 954
53.300748 -442 793 955
53.308697 -433 789 954
53.315665 -435 784 955
53.323678 -445 790 958
53.331660 -443 793 955
53.339614 -442 787 950
53.347669 -445 785 954
53.354691 -445 789 957
53.362715 -440 793 955
53.370605 -438 789 955
53.378822 -443 786 955
53.386673 -443 792 953
53.394676 -441 793 956
53.401659 -448 788 959
53.409657 -449 788 953
53.417891 -444 793 951
53.425633 -439 790 953
53.434121 -440 787 954
53.440651 -444 790 954
53.448692 -442 789 953
53.456623 -443 786 958
53.464692 -443 791 958
53.472624 -439 794 956
53.480737 -440 790 956
53.487666 -442 791 953
53.495674 -444 795 948
53.503671 -441 791 948
53.511664 -440 785 959
53.519542 -445 786 960
53.526689 -445 789 954
53.534673 -444 787 957
53.542705 -441 788 959
53.550752 -441 791 953
53.558532 -445 788 955
53.566722 -443 789 959
53.573619 -440 792 952
53.581647 -445 787 951
53.589611 -450 787 960
53.597846 -445 795 959
53.605596 -440 794 952
53.612699 -444 785 953
53.620697 -445 783 956
53.628697 -441 790 953
53.636693 -442 792 957
53.644749 -441 790 959
53.652696 -441 789 955
53.659500 -451 792 952
53.667655 -448 794 957
53.675625 -441 785 963
53.683568 -446 783 960
53.691529 -451 791 954
53.698775 -448 791 955
53.706617 -443 789 955
53.714667 -445 790 952
53.722607 -441 790 953
53.730670 -439 788 955
53.738653 -445 791 957
53.745683 -444 793 957
53.753681 -442 789 955
53.761877 -440 786 957
53.769964 -438 786 957
53.777995 -439 789 955
53.785007 -439 791 955
53.792858 -440 788 952
53.800761 -442 787 951
53.808875 -441 791 953
53.816899 -441 789 957
53.824816 -441 789 954
53.831729 -440 790 950
53.839693 -442 788 952
53.847786 -441 792 953
53.855704 -443 794 950
53.863670 -442 788 951
53.871709 -440 786 955
53.878594 -444 790 954
53.886666 -445 791 954
53.894676 -441 788 957
53.902676 -439 790 956
53.910717 -441 789 954
53.917942 -443 784 953
53.925671 -441 788 952
53.933661 -438 796 953
53.941789 -443 793 954
53.949682 -449 787 953
53.957871 -448 788 955
53.964694 -442 791 959
53.972661 -440 790 954
53.980575 -441 788 950
53.988625 -437 791 953
53.996704 -439 795 957
54.003715 -441 794 954
54.011680 -441 791 955
54.019562 -445 791 959
54.027700 -440 794 955
54.035677 -438 792 954
54.043766 -443 790 955
54.050723 -443 790 955
54.058717 -443 791 958
54.066503 -440 791 955
54.074691 -440 787 952
54.082853 -446 789 953
54.089604 -445 790 959
54.097784 -437 781 963
54.105601 -438 783 959
54.113673 -445 789 957
54.121613 -445 787 960
54.129719 -437 792 958
54.136712 -441 795 955
54.144647 -448 790 956
54.152829 -444 790 955
54.160948 -437 795 952
54.168459 -443 791 954
54.175440 -450 782 957
54.183530 -440 787 957
54.191575 -437 791 956
54.199542 -449 785 957
54.207537 -447 785 954
54.215695 -441 788 956
54.222576 -444 788 958
54.230691 -444 789 952
54.238751 -438 791 951
54.246680 -433 791 957
54.254682 -439 792 956
54.261632 -443 791 952
54.269685 -440 790 953
54.277962 -444 793 955
54.285688 -444 794 952
54.293731 -441 789 955
54.301739 -447 788 959
54.309044 -448 792 955
54.317394 -443 793 951
54.325059 -441 789 954
54.333047 -444 787 957
54.341379 -447 790 955
54.347955 -445 793 954
54.355857 -443 791 955
54.363907 -438 790 956
54.371813 -439 790 954
54.379885 -442 786 953
54.387688 -439 786 956
54.394693 -441 789 957
54.402699 -449 790 956
54.410738 -449 790 954
54.418642 -441 790 954
54.426704 -438 791 954
54.434712 -444 787 953
54.441634 -445 786 953
54.449691 -439 789 954
54.458350 -441 791 955
54.465692 -443 788 953
54.473598 -442 787 956
54.480686 -443 788 958
54.488660 -440 790 954
54.496720 -441 791 955
54.504718 -443 789 955
54.512670 -442 786 951
54.520749 -443 787 956
54.527719 -443 790 960
54.535691 -444 789 955
54.543729 -443 790 954
54.551723 -444 793 958
54.559643 -447 790 954
54.566774 -445 790 951
54.574700 -444 790 954
54.582700 -443 788 952
54.590701 -441 789 954
54.598627 -440 788 961
54.606684 -439 793 957
54.613717 -442 794 952
54.621757 -443 788 954
54.629705 -439 788 956
54.637743 -444 793 955
54.645607 -449 794 953
54.652953 -445 791 956
54.660776 -443 789 961
54.668732 -446 791 960
54.676826 -443 790 955
54.684712 -434 788 955
54.692682 -436 791 958
54.699491 -450 794 954
54.707514 -450 789 952
54.715747 -443 786 954
54.723685 -445 790 952
54.731733 -444 789 952
54.738787 -438 788 954
54.746639 -438 791 954
54.754913 -442 788 958
54.762713 -441 787 962
54.770703 -439 791 957
54.779048 -444 790 951
54.785703 -442 787 953
54.793732 -441 786 954
54.801757 -440 787 953
54.809666 -438 793 956
54.817666 -444 791 962
54.824737 -445 791 960
54.833069 -442 793 954
54.840882 -442 788 956
54.848807 -442 788 955
54.856728 -440 787 950
54.864731 -438 786 954
54.871754 -440 791 959
54.879571 -444 791 957
54.887697 -443 788 954
54.895676 -441 790 957
54.903694 -442 793 961
54.910740 -443 790 960
54.918820 -442 787 957
54.926700 -441 786 956
54.934729 -444 786 960
54.942700 -445 790 958
54.950741 -441 789 951
54.957967 -442 787 953
54.965703 -443 789 955
54.973704 -441 789 951
54.981697 -443 789 954
54.989699 -444 792 959
54.997706 -444 789 959
55.004770 -443 784 956
55.012688 -445 784 952
55.020567 -445 786 949
55.028733 -441 790 952
55.036734 -444 786 957
55.043752 -444 785 955
55.051735 -441 791 953
55.059681 -444 794 956
55.067820 -444 793 953
55.075716 -445 791 948
55.082703 -448 790 951
55.090672 -444 792 958
55.098582 -446 795 957
55.106738 -451 791 953
55.114715 -448 787 956
55.122680 -442 790 958
55.129707 -442 790 956
55.137779 -442 788 955
55.145719 -438 789 954
55.153625 -442 788 956
55.161822 -443 790 958
55.169647 -436 793 955
55.176750 -441 789 957
55.184709 -446 785 961
55.192745 -443 788 956
55.200698 -443 789 952
55.208563 -444 789 958
55.215708 -444 788 959
55.223579 -440 791 953
55.231702 -439 790 951
55.239603 -444 784 953
55.247666 -444 787 954
55.255628 -438 787 955
55.262728 -438 785 954
55.270708 -445 791 953
55.278596 -449 793 958
55.286718 -442 789 960
55.294742 -444 791 959
55.301785 -450 791 956
55.309700 -444 785 954
55.317725 -441 786 954
55.325723 -442 790 956
55.333747 -441 785 954
55.341725 -438 784 954
55.348682 -439 791 955
55.356931 -445 792 956
55.364751 -444 788 954
55.372878 -441 792 952
55.380512 -441 796 954
55.387760 -440 792 955
55.395835 -443 787 956
55.403711 -443 791 956
55.411711 -440 791 954
55.419570 -447 787 954
55.427767 -450 789 956
55.434769 -445 792 955
55.442716 -442 789 956
55.450768 -444 786 958
55.458637 -442 787 958
55.466728 -436 790 958
55.473617 -440 789 958
55.481654 -445 787 957
55.489727 -442 789 955
55.497658 -442 788 953
55.505860 -443 787 953
55.513730 -445 790 954
55.520641 -444 793 955
55.528750 -436 791 956
55.536756 -440 786 958
55.544685 -450 789 955
55.552681 -445 789 953
55.559568 -439 787 956
55.567774 -443 790 957
55.575724 -446 789 955
55.583770 -440 788 955
55.591771 -440 791 956
55.599561 -449 790 958
55.606703 -447 789 957
55.614730 -441 786 954
55.622677 -439 785 954
55.630737 -441 789 960
55.638862 -446 790 958
55.646723 -442 787 953
55.653727 -438 786 958
55.661785 -441 790 959
55.669722 -444 795 953
55.677843 -443 793 953
55.685576 -442 787 954
55.692757 -444 787 950
55.700746 -448 790 953
55.708624 -443 791 958
55.716759 -441 788 955
55.724758 -440 790 951
55.732832 -441 790 952
55.739550 -445 788 956
55.747663 -444 790 957
55.755594 -444 787 956
55.763679 -439 786 956
55.771657 -435 789 955
55.778569 -445 787 955
55.786580 -450 790 957
55.794742 -442 792 959
55.802667 -438 790 955
55.810775 -445 790 952
55.818581 -445 790 956
55.825734 -437 788 958
55.833763 -442 790 952
55.841720 -447 794 950
55.849732 -443 792 955
55.857916 -444 788 957
55.864753 -440 788 954
55.873055 -439 785 953
55.880966 -445 785 954
55.888736 -444 789 956
55.896773 -441 785 959
55.904716 -444 784 959
55.911730 -448 791 959
55.919652 -444 791 955
55.927772 -438 788 951
55.935731 -443 790 953
55.943735 -447 791 956
55.950791 -443 788 956
55.958732 -444 787 951
55.966751 -447 788 948
55.974580 -449 787 953
55.982763 -446 787 956
55.990737 -439 789 954
55.997637 -440 790 958
56.005653 -440 793 963
56.013740 -442 791 957
56.021782 -449 791 947
56.029741 -449 797 951
56.036763 -443 793 963
56.044724 -440 787 958
56.052742 -445 792 950
56.060839 -446 792 954
56.068736 -440 784 958
56.076765 -441 785 958
56.083766 -444 792 958
56.091748 -444 790 954
56.099596 -443 786 954
56.107682 -443 789 957
56.115743 -443 791 956
56.122685 -439 791 955
56.130746 -438 791 954
56.138839 -444 791 953
56.146725 -441 791 950
56.154742 -441 791 951
56.162754 -448 791 953
56.169746 -446 789 953
56.177800 -441 785 953
56.185733 -439 788 953
56.193731 -443 793 954
56.201767 -447 794 955
56.208623 -445 790 955
56.216778 -444 786 952
56.224730 -440 791 951
56.232775 -441 794 955
56.240766 -447 789 957
56.248714 -443 789 953
56.255897 -437 791 953
56.263781 -441 787 957
56.271761 -444 787 956
56.279591 -442 794 952
56.287746 -444 794 953
56.295750 -444 786 957
56.302792 -441 784 954
56.310701 -443 788 953
56.318690 -443 788 955
56.326752 -436 788 958
56.334793 -441 790 957
56.341748 -444 789 956
56.349741 -438 789 956
56.357789 -441 789 954
56.365754 -444 786 951
56.373755 -444 786 954
56.381753 -444 788 960
56.388687 -436 790 958
56.396768 -441 790 951
56.404904 -453 791 952
56.412795 -445 790 959
56.420555 -434 788 959
56.427795 -441 792 952
56.435738 -447 789 950
56.443740 -441 786 952
56.451729 -438 790 959
56.459649 -444 790 960
56.467789 -447 790 953
56.474743 -448 789 950
56.482824 -445 787 952
56.490747 -443 784 956
56.498882 -440 786 956
56.507051 -435 788 954
56.513992 -438 787 954
56.522381 -444 788 955
56.530146 -444 791 955
56.538325 -444 788 956
56.545953 -441 788 955
56.553949 -444 791 952
56.561090 -448 789 952
56.568928 -440 792 955
56.576716 -437 795 956
56.584822 -443 790 954
56.592717 -444 788 951
56.599534 -442 791 952
56.608533 -444 791 955
56.615751 -447 788 957
56.623749 -446 789 958
56.631750 -445 789 954
56.639606 -441 791 950
56.646704 -437 795 951
56.654857 -444 788 953
56.662825 -445 785 954
56.670748 -439 790 955
56.679877 -439 789 954
56.685764 -438 787 948
56.693725 -439 788 949
56.701744 -438 788 954
56.709646 -435 789 956
56.717821 -441 791 958
56.725756 -444 790 959
56.732778 -443 787 956
56.740730 -446 788 954
56.748782 -443 788 953
56.756797 -440 788 950
56.764796 -440 790 951
56.772869 -442 793 956
56.779559 -443 791 955
56.787746 -442 789 952
56.795750 -442 789 955
56.803748 -443 789 959
56.811766 -444 786 956
56.818601 -442 786 953
56.826765 -433 793 958
56.834743 -432 794 956
56.842763 -439 789 946
56.850780 -442 789 948
56.858604 -446 790 958
56.865763 -447 793 956
56.873762 -444 792 955
56.881763 -441 786 960
56.889809 -441 783 957
56.897866 -443 789 957
56.904933 -439 793 959
56.912779 -436 789 953
56.920655 -440 788 952
56.928784 -442 788 956
56.936788 -444 785 957
56.944816 -443 789 955
56.951806 -441 790 955
56.959593 -440 786 954
56.967811 -439 789 954
56.975756 -444 790 953
56.983768 -446 787 950
56.990765 -441 790 951
56.998613 -443 792 953
57.006768 -448 787 954
57.014676 -442 786 956
57.022757 -437 792 955
57.030744 -444 793 955
57.037908 -448 789 957
57.045721 -439 788 954
57.053601 -444 788 952
57.061798 -454 789 953
57.069762 -449 790 954
57.076564 -445 790 956
57.084780 -443 790 955
57.092785 -441 790 953
57.100804 -439 788 955
57.108770 -437 790 955
57.116921 -440 788 955
57.123771 -440 785 957
57.131768 -442 787 957
57.139730 -449 791 952
57.147759 -447 792 951
57.155913 -440 786 954
57.162713 -438 787 956
57.170774 -441 794 957
57.179153 -441 791 953
57.186773 -439 787 951
57.194804 -441 787 953
57.202770 -443 790 952
57.209611 -442 788 952
57.217746 -440 787 954
57.225757 -438 789 952
57.233785 -438 788 950
57.241769 -440 789 957
57.248785 -441 790 957
57.256765 -442 788 954
57.264730 -442 786 957
57.272731 -442 786 956
57.280806 -447 785 953
57.288729 -445 787 955
57.295770 -444 792 955
57.303774 -445 791 950
57.311794 -443 786 952
57.319588 -442 788 956
57.327794 -441 797 952
57.335762 -442 795 957
57.342760 -442 789 962
57.350749 -443 791 957
57.358723 -447 794 954
57.366599 -444 795 958
57.374596 -442 788 958
57.381555 -447 787 955
57.389598 -447 791 954
57.397808 -441 788 956
57.405826 -438 787 955
57.413761 -444 787 954
57.421895 -445 790 953
57.428778 -441 787 958
57.436782 -444 783 963
57.444913 -445 788 956
57.452735 -444 791 951
57.460608 -444 789 954
57.467807 -441 786 955
57.475734 -439 786 954
57.483765 -439 789 957
57.491764 -439 789 959
57.499650 -441 786 958
57.507778 -441 784 961
57.514779 -441 786 960
57.522708 -438 791 954
57.530789 -438 791 953
57.538913 -443 787 958
57.546783 -439 791 956
57.553778 -438 793 949
57.561812 -449 788 952
57.569785 -450 791 957
57.577914 -443 791 956
57.585782 -442 785 955
57.593773 -446 783 959
57.600733 -449 786 960
57.608785 -444 789 956
57.616795 -438 788 958
57.624797 -437 790 957
57.632782 -441 793 952
57.639576 -444 791 950
57.647783 -441 789 954
57.655721 -445 790 956
57.663783 -449 789 952
57.671928 -446 786 955
57.680205 -442 788 963
57.686705 -441 790 960
57.694805 -444 787 952
57.702853 -442 787 952
57.710751 -440 791 953
57.718677 -443 791 954
57.725771 -443 791 955
57.733789 -440 789 957
57.741786 -439 786 956
57.749786 -441 788 955
57.757871 -448 791 955
57.765742 -447 789 951
57.772729 -443 785 951
57.780699 -444 791 955
57.788719 -444 795 953
57.796892 -445 789 951
57.804895 -442 790 954
57.811739 -441 793 954
57.819624 -445 790 952
57.827808 -442 790 954
57.835760 -441 791 955
57.843788 -442 794 956
57.851834 -442 791 956
57.858578 -442 785 956
57.866723 -441 790 956
57.874805 -445 794 955
57.882790 -444 790 953
57.890794 -441 786 953
57.898729 -443 790 952
57.905801 -443 792 952
57.913790 -440 788 956
57.921820 -437 787 956
57.929792 -443 790 955
57.937797 -445 789 958
57.944841 -433 790 959
57.952819 -433 793 954
57.961056 -445 791 951
57.968878 -444 791 955
57.976792 -441 791 961
57.984883 -441 792 957
57.991791 -441 790 954
57.999684 -442 787 956
58.007794 -439 792 953
58.015792 -442 795 954
58.023795 -443 791 957
58.030795 -440 791 956
58.038703 -442 793 953
58.046796 -444 788 954
58.054890 -443 786 956
58.062690 -440 790 956
58.070797 -445 788 956
58.077681 -450 785 955
58.085831 -443 790 953
58.093796 -440 791 951
58.101863 -442 789 952
58.109800 -437 788 959
58.116800 -440 789 960
58.124798 -445 791 956
58.132801 -442 788 960
58.140691 -441 786 958
58.149133 -444 792 949
58.157179 -442 794 955
58.163907 -441 790 961
58.172266 -444 789 948
58.180059 -443 788 947
58.187912 -436 788 961
58.195766 -444 791 959
58.202844 -452 790 953
58.210791 -443 785 955
58.218749 -436 790 957
58.226793 -440 792 957
58.234894 -445 788 959
58.242794 -440 790 957
58.249658 -438 791 955
58.257730 -447 785 958
58.265789 -446 788 954
58.273748 -442 792 950
58.281797 -445 788 952
58.288807 -449 789 954
58.296837 -447 792 957
58.304941 -440 794 958
58.312781 -440 792 953
58.320740 -444 787 950
58.328812 -443 789 955
58.335813 -441 792 960
58.343789 -442 790 958
58.351836 -443 786 955
58.359798 -444 787 956
58.367863 -442 793 958
58.375797 -441 792 958
58.382799 -441 792 956
58.390800 -442 792 953
58.398831 -445 789 957
58.406787 -445 788 957
58.414790 -446 788 953
58.421807 -448 788 957
58.429818 -447 785 961
58.438341 -447 785 958
58.445741 -440 794 955
58.453731 -442 792 957
58.461663 -446 783 955
58.468843 -441 792 951
58.477068 -441 795 953
58.484840 -442 789 955
58.492797 -444 790 955
58.500751 -447 792 956
58.507801 -443 788 958
58.515801 -441 787 956
58.523801 -443 792 953
58.531802 -444 787 959
58.539659 -439 785 960
58.547794 -437 791 951
58.554804 -443 791 952
58.562748 -444 786 959
58.570793 -440 787 958
58.578698 -441 791 956
58.586793 -444 790 956
58.593798 -444 788 957
58.601873 -446 788 956
58.609802 -444 788 954
58.617901 -443 788 956
58.625798 -443 791 958
58.633800 -442 791 955
58.640675 -445 789 953
58.648771 -448 793 954
58.656695 -446 793 956
58.664801 -442 790 952
58.672958 -441 792 949
58.679805 -442 792 952
58.687799 -443 790 957
58.695797 -448 792 956
58.703810 -443 794 954
58.711844 -436 791 957
58.719650 -444 788 958
58.726799 -447 791 955
58.734806 -443 791 950
58.742805 -439 790 951
58.750803 -440 791 957
58.758694 -440 793 955
58.765814 -439 795 947
58.773713 -442 796 947
58.781840 -440 795 955
58.789781 -439 789 956
58.797776 -444 790 952
58.805782 -440 793 953
58.812815 -437 785 957
58.820799 -447 783 957
58.828840 -449 790 958
58.836771 -443 790 962
58.844854 -443 790 957
58.851728 -441 793 951
58.859661 -437 789 958
58.867841 -441 788 960
58.875806 -448 791 955
58.883806 -445 791 954
58.891807 -441 788 957
58.898699 -443 790 957
58.906753 -441 792 956
58.914736 -444 789 954
58.922747 -443 789 954
58.930806 -440 791 957
58.938796 -443 789 956
58.945808 -440 788 954
58.956685 -440 786 955
58.962465 -443 786 954
58.969692 -443 791 955
58.977859 -443 794 961
58.984740 -444 792 956
58.992769 -446 789 950
59.000669 -448 789 955
59.008844 -443 792 957
59.016816 -441 791 956
59.023811 -443 793 959
59.031809 -445 796 957
59.039663 -442 791 952
59.047820 -440 784 953
59.055739 -442 786 959
59.063811 -440 791 959
59.070808 -438 788 956
59.079060 -445 787 958
59.086818 -447 793 961
59.094910 -445 791 961
59.102820 -447 789 960
59.110851 -447 790 958
59.117983 -441 790 956
59.125755 -436 792 957
59.133817 -442 792 956
59.141819 -443 788 954
59.149821 -439 787 955
59.156820 -442 791 956
59.164819 -439 794 953
59.172812 -436 789 954
59.180677 -441 785 959
59.188763 -443 791 957
59.197588 -442 794 954
59.204322 -441 792 957
59.211857 -442 792 959
59.220017 -447 791 953
59.227840 -445 789 954
59.235872 -444 789 960
59.242840 -445 791 954
59.250845 -445 794 952
59.258989 -444 793 959
59.266875 -439 790 957
59.274914 -442 789 954
59.282799 -449 788 956
59.289622 -445 789 956
59.297843 -440 795 957
59.305763 -442 793 955
59.313815 -448 786 955
59.322034 -442 791 958
59.328868 -435 793 960
59.336835 -440 783 958
59.344893 -442 784 954
59.352835 -438 790 952
59.360675 -441 787 956
59.368879 -444 789 962
59.375799 -444 793 956
59.383759 -444 791 949
59.392228 -443 793 953
59.399638 -447 795 959
59.407833 -445 790 954
59.414831 -441 788 953
59.422750 -440 790 958
59.430834 -443 786 955
59.438902 -443 784 953
59.446745 -438 791 957
59.454759 -442 790 957
59.462154 -443 787 955
59.469829 -440 791 957
59.477849 -442 791 960
59.485820 -443 787 956
59.493833 -446 785 953
59.500715 -446 787 954
59.508829 -440 789 953
59.516773 -439 789 955
59.524837 -441 789 960
59.532834 -445 790 960
59.540755 -448 790 959
59.547835 -447 788 959
59.555853 -445 787 959
59.563833 -440 793 959
59.571881 -442 793 959
59.579727 -448 787 956
59.586839 -442 790 955
59.594893 -438 794 957
59.602838 -441 791 955
59.610851 -442 787 952
59.618730 -440 788 955
59.626823 -438 792 957
59.633699 -443 791 955
59.641834 -448 789 954
59.649843 -447 790 956
59.657824 -444 790 955
59.665901 -440 792 954
59.673835 -441 793 955
59.680758 -444 790 955
59.688830 -444 790 955
59.696837 -444 791 956
59.704855 -441 789 955
59.712841 -441 788 957
59.719741 -444 790 960
59.727828 -445 791 958
59.735815 -443 789 955
59.743830 -440 790 955
59.751887 -445 793 955
59.759683 -450 792 951
59.766830 -445 788 953
59.774852 -444 784 964
59.782834 -445 788 961
59.790834 -445 790 953
59.798695 -445 789 956
59.805703 -444 793 955
59.813797 -444 794 955
59.821853 -441 789 957
59.829832 -439 786 956
59.837809 -448 787 956
59.845808 -449 792 958
59.852862 -442 792 962
59.860775 -441 789 960
59.868876 -444 787 955
59.876833 -444 790 956
59.885218 -439 793 957
59.891832 -440 788 954
59.899684 -444 787 955
59.907828 -443 796 957
59.915810 -444 796 954
59.923730 -443 791 952
59.931831 -443 788 954
59.938826 -449 786 955
59.946840 -448 787 953
59.954849 -440 790 952
59.962850 -441 790 955
59.970791 -445 789 960
59.977880 -447 789 960
59.985858 -446 792 956
59.993683 -444 794 953
00.001926 -440 791 953
00.009843 -440 788 956
00.017910 -444 790 956
00.024842 -446 790 953
00.032842 -447 788 952
00.040865 -441 790 952
00.048787 -439 789 953
00.056691 -449 790 957
00.063842 -445 794 956
00.071897 -438 790 951
00.079726 -441 786 951
00.087931 -442 789 956
00.095760 -440 788 959
00.103749 -438 789 957
00.110717 -438 790 954
00.119020 -450 786 954
00.126741 -449 788 953
00.134878 -443 789 955
00.142845 -447 790 954
00.150841 -449 793 955
00.157802 -444 792 957
00.165777 -438 790 955
00.173774 -441 789 954
00.181839 -438 788 953
00.189728 -436 788 954
00.196813 -441 790 957
00.204907 -437 791 957
00.212844 -438 791 957
00.220855 -448 788 955
00.228895 -445 788 956
00.235833 -440 790 958
00.243886 -448 792 954
00.251892 -451 796 953
00.259814 -446 794 957
00.267851 -442 789 958
00.275851 -447 784 957
00.282845 -449 787 955
00.290814 -443 795 951
00.298723 -440 796 952
00.306859 -441 790 957
00.314853 -444 790 958
00.322776 -446 794 954
00.329849 -447 788 954
00.337866 -446 786 959
00.345963 -439 794 957
00.353849 -440 797 954
00.361913 -444 793 955
00.368889 -443 791 954
00.376856 -443 790 953
00.384910 -445 789 955
00.392849 -447 787 955
00.400858 -441 789 952
00.408843 -436 789 956
00.415934 -444 787 959
00.423847 -446 791 953
00.431846 -440 793 952
00.439717 -438 792 956
00.447859 -440 792 957
00.454893 -443 789 956
00.462866 -442 790 958
00.470865 -441 788 955
00.478777 -444 784 951
00.486860 -444 788 951
00.494876 -445 791 954
00.501674 -445 789 957
00.509878 -442 791 956
00.518147 -439 793 951
00.525862 -440 791 951
00.533862 -445 789 958
00.541010 -445 792 960
00.548862 -440 794 960
00.557400 -441 791 962
00.565396 -441 790 958
00.573012 -441 792 954
00.580958 -440 792 955
00.587696 -440 790 957
00.595742 -446 791 956
00.603748 -447 793 956
00.611780 -441 794 955
00.619742 -441 790 956
00.627866 -441 790 958
00.634879 -444 794 958
00.642877 -443 792 956
00.650865 -442 785 954
00.658776 -445 784 953
00.666818 -447 790 955
00.673868 -445 790 960
00.681949 -438 788 957
00.689864 -438 789 952
00.697965 -443 790 954
00.706000 -439 792 954
00.712879 -439 788 955
00.720858 -441 787 956
00.728913 -436 791 953
00.736833 -440 790 953
00.744854 -447 788 955
00.752898 -444 788 952
00.759762 -442 788 951
00.767869 -443 791 954
00.775866 -449 790 953
00.783865 -449 789 950
00.791865 -443 791 952
00.799707 -441 794 954
00.806842 -442 792 953
00.814860 -443 788 952
00.822782 -443 789 952
00.830863 -442 790 953
00.838933 -446 791 952
00.845788 -445 792 952
00.853865 -443 784 955
00.861839 -442 784 958
00.869878 -445 795 954
00.878018 -442 796 954
00.885908 -433 789 956
00.892867 -443 788 957
00.900731 -451 792 955
00.908982 -443 794 955
00.916871 -440 792 956
00.924878 -439 791 957
00.931866 -441 793 955
00.939761 -444 792 951
00.947870 -445 790 952
00.956104 -445 791 958
00.964192 -446 794 954
00.972165 -445 792 949
00.980116 -440 790 954
00.987063 -441 789 957
00.995020 -446 787 952
01.003053 -444 789 950
01.011733 -442 791 952
01.017863 -443 788 954
01.025912 -442 787 956
01.033957 -445 788 955
01.041809 -449 788 952
01.049932 -444 787 953
01.058139 -447 788 960
01.064769 -449 792 961
01.072822 -444 792 955
01.080760 -440 790 954
01.088838 -440 789 957
01.096760 -445 786 956
01.103802 -447 791 953
01.111727 -447 796 954
01.119740 -444 791 958
01.127869 -443 788 958
01.135857 -444 792 954
01.143870 -441 792 953
01.150866 -442 787 954
01.158768 -441 785 956
01.166872 -435 789 956
01.174839 -442 791 952
01.182870 -451 791 953
01.190877 -445 788 957
01.198128 -441 790 953
01.205803 -446 794 950
01.213877 -448 788 955
01.222052 -442 788 957
01.229871 -438 796 952
01.236871 -444 793 949
01.244874 -441 789 955
01.252913 -441 795 959
01.260842 -451 795 954
01.268912 -449 787 952
01.275861 -442 786 954
01.283870 -441 793 950
01.291867 -444 792 947
01.299700 -444 791 952
01.307899 -442 793 955
01.315907 -444 788 953
01.322769 -445 785 952
01.330872 -443 790 955
01.338895 -440 794 957
01.346876 -436 790 955
01.355098 -444 786 956
01.362895 -447 789 956
01.369897 -441 794 954
01.377958 -444 793 956
01.385921 -447 791 955
01.393880 -445 791 953
01.401916 -444 793 953
01.408673 -444 792 957
01.416885 -443 789 957
01.424904 -441 788 955
01.432933 -444 790 954
01.440801 -445 792 953
01.448889 -442 790 955
01.455763 -445 789 958
01.463889 -443 792 956
01.471925 -444 791 951
01.479735 -450 791 949
01.488280 -447 795 951
01.495295 -440 793 955
01.502691 -440 788 956
01.510844 -443 788 952
01.518832 -443 790 951
01.526877 -443 792 956
01.534899 -450 792 953
01.542278 -452 792 948
01.550282 -447 793 956
01.558484 -443 791 962
01.566054 -438 789 956
01.574051 -441 792 953
01.581054 -448 794 953
01.589077 -448 791 954
01.597147 -445 790 960
01.605152 -444 791 959
01.613023 -447 790 951
01.620901 -447 792 953
01.628041 -444 789 959
01.636091 -443 785 959
01.643896 -441 788 955
01.652034 -444 788 955
01.659895 -449 786 955
01.666968 -444 788 952
01.674940 -442 787 951
01.682910 -444 789 952
01.690891 -443 793 954
01.698746 -440 791 953
01.706726 -440 793 950
01.713832 -446 797 952
01.721822 -449 791 957
01.729885 -447 788 958
01.737946 -446 791 953
01.745932 -443 792 954
01.753265 -441 788 960
01.760715 -440 790 956
01.768849 -440 796 949
01.776789 -443 792 953
01.784805 -444 788 957
01.792889 -445 791 955
01.799699 -441 795 955
01.807891 -436 793 955
01.815929 -443 790 954
01.823785 -447 796 953
01.831892 -441 795 955
01.838830 -439 787 957
01.846803 -443 787 955
01.854756 -444 788 956
01.862913 -437 788 957
01.870891 -439 792 953
01.878750 -445 792 949
01.885930 -441 794 954
01.893891 -442 796 957
01.901847 -443 790 955
01.909892 -440 786 955
01.918071 -443 791 958
01.924896 -444 792 958
01.932963 -442 789 956
01.940844 -447 792 953
01.948894 -448 792 956
01.956894 -440 788 959
01.964833 -439 789 952
01.971909 -446 788 949
01.979769 -443 788 955
01.987866 -437 792 955
01.995939 -443 791 951
