47.010093 -444 784 958
47.031171 -439 786 953
47.052135 -442 784 957
47.073017 -444 788 959
47.093965 -444 789 955
47.115010 -446 784 956
47.135962 -442 790 958
47.156997 -438 794 957
47.178212 -432 793 957
47.199091 -434 793 954
47.220168 -444 789 951
47.241271 -442 787 954
47.262382 -439 787 961
47.283358 -441 787 959
47.304302 -439 788 955
47.325357 -438 789 956
47.346443 -440 785 956
47.367487 -443 786 955
47.388534 -441 791 954
47.409520 -439 789 955
47.430614 -442 787 957
47.451669 -446 790 955
47.473461 -443 789 954
47.495233 -439 785 958
47.515877 -442 786 957
47.536927 -445 789 952
47.558287 -441 791 954
47.579292 -442 787 960
47.600103 -443 783 959
47.621045 -437 786 954
47.642055 -439 791 955
47.663151 -444 793 957
47.684196 -441 790 957
47.705234 -441 790 955
47.726251 -442 794 953
47.747357 -442 792 955
47.768451 -440 786 958
47.789452 -438 787 955
47.810513 -439 788 953
47.831602 -445 789 955
47.852886 -446 787 955
47.874053 -440 789 954
47.895038 -441 793 955
47.916074 -446 789 955
47.937450 -443 788 956
47.958728 -439 790 955
47.979780 -440 792 956
48.000828 -439 794 956
48.022003 -440 793 954
48.043072 -443 789 955
48.064394 -445 787 957
48.085845 -445 789 954
48.106914 -442 791 952
48.127871 -440 790 955
48.148932 -439 791 955
48.169952 -440 794 954
48.191385 -440 792 954
48.213077 -437 789 955
48.234388 -438 789 959
48.255443 -438 792 957
48.276443 -439 793 953
48.297614 -443 792 956
48.318590 -440 792 957
48.339423 -440 790 955
48.360488 -442 788 957
48.381541 -438 790 958
48.402606 -440 790 954
48.423649 -444 787 950
48.444675 -439 786 957
48.465750 -438 785 961
48.486800 -442 789 956
48.507858 -439 793 955
48.528876 -433 791 958
48.549923 -435 789 958
48.570931 -441 791 955
48.592015 -443 794 953
48.613068 -445 787 955
48.634041 -441 787 962
48.655117 -442 790 964
48.676516 -438 790 956
48.697928 -438 786 952
48.718966 -439 789 954
48.739794 -445 791 955
48.760679 -443 786 958
48.781929 -441 788 962
48.803164 -439 786 958
48.824290 -437 787 958
48.845312 -443 790 956
48.866415 -437 787 950
48.887515 -440 790 952
48.908699 -441 788 955
48.929732 -443 791 957
48.950717 -448 786 956
48.971863 -436 794 956
48.992928 -440 790 954
49.013967 -442 788 958
49.034930 -438 789 956
49.055843 -441 787 956
49.076854 -439 794 955
49.098267 -444 790 955
49.119315 -440 791 951
49.140321 -441 785 954
49.162327 -438 787 955
49.184093 -444 786 959
49.205318 -439 792 956
49.226377 -438 787 954
49.247515 -445 787 953
49.268646 -440 786 955
49.289849 -443 786 959
49.310957 -436 791 954
49.332094 -441 792 959
49.353197 -441 791 956
49.374199 -449 784 958
49.395181 -438 788 959
49.416211 -443 788 952
49.437407 -438 789 957
49.458353 -441 790 951
49.479305 -444 792 951
49.501190 -440 787 958
49.522612 -445 787 956
49.543965 -438 787 955
49.565352 -438 792 950
49.586596 -442 789 955
49.607703 -444 792 956
49.628885 -440 790 957
49.649909 -441 785 961
49.671047 -443 795 961
49.692194 -439 788 951
49.713247 -437 792 956
49.734437 -437 790 957
49.755607 -442 788 958
49.777151 -443 791 957
49.798642 -433 795 955
49.819559 -443 787 953
49.840622 -443 792 957
49.861563 -442 794 954
49.882666 -446 791 959
49.903716 -436 789 956
49.924788 -440 788 962
49.945899 -444 784 952
49.966958 -443 788 956
49.988047 -441 787 958
50.009027 -440 787 954
50.030095 -440 792 958
50.051158 -442 790 959
50.072237 -438 790 957
50.093828 -440 789 959
50.114859 -438 791 958
50.135857 -444 791 947
50.156879 -441 788 956
50.178158 -438 789 959
50.199112 -443 786 958
50.220061 -437 793 955
50.241097 -444 792 956
50.262158 -440 790 954
50.283219 -441 790 958
50.304608 -444 790 954
50.325710 -438 790 957
50.346779 -440 788 957
50.367838 -441 789 959
50.388822 -436 786 951
50.409885 -444 788 956
50.430953 -441 793 955
50.452040 -441 788 954
50.473013 -443 791 953
50.493974 -441 787 962
50.515008 -436 790 957
50.536219 -445 794 959
50.558019 -444 788 960
50.578999 -440 791 958
50.599859 -440 791 962
50.620808 -439 792 957
50.641910 -442 787 954
50.663006 -444 791 955
50.684101 -438 787 958
50.705201 -444 787 956
50.726260 -441 790 958
50.747352 -440 791 959
50.768503 -441 792 958
50.789501 -441 790 952
50.810810 -440 793 956
50.831870 -440 789 961
50.853017 -440 789 955
50.874054 -442 792 955
50.895053 -440 788 955
50.916150 -442 794 959
50.937317 -439 788 957
50.958353 -445 789 959
50.979269 -440 791 956
51.000101 -440 786 952
51.021089 -440 792 958
51.042318 -440 788 953
51.063358 -439 790 956
51.084293 -437 793 960
51.105282 -440 794 956
51.126304 -441 789 960
51.147348 -442 787 950
51.168445 -442 791 957
51.189424 -440 786 954
51.210661 -439 789 957
51.232064 -442 788 957
51.253344 -441 789 959
51.274417 -438 788 950
51.295474 -439 792 956
51.316577 -437 789 951
51.337674 -441 786 954
51.358836 -445 790 956
51.381048 -439 788 958
51.402728 -438 787 953
51.424226 -442 788 956
51.445387 -443 792 961
51.466514 -444 791 956
51.487517 -438 788 954
51.508482 -441 789 958
51.529492 -442 790 957
51.550548 -438 790 957
51.571593 -439 793 950
51.592653 -443 787 955
51.613752 -441 792 958
51.634761 -439 788 956
51.655947 -443 796 953
51.677190 -441 789 953
51.698488 -443 788 957
51.720335 -444 786 954
51.741684 -443 790 954
51.762800 -437 790 957
51.783821 -443 795 950
51.805151 -436 794 947
51.826274 -416 813 923
51.847359 -446 786 965
51.868608 -442 788 953
51.890046 -437 790 949
51.911056 -446 791 956
51.931816 -437 791 953
51.952991 -434 794 952
51.974082 -444 789 948
51.995033 -448 786 947
52.016108 -443 789 948
52.037251 -441 793 953
52.058391 -448 790 954
52.079429 -440 789 950
52.100294 -448 790 951
52.121346 -442 789 951
52.142412 -436 788 953
52.163447 -443 796 955
52.184750 -443 787 957
52.205842 -444 789 955
52.226834 -443 788 950
52.247927 -440 782 960
52.269322 -444 786 957
52.290390 -442 794 955
52.311447 -443 791 952
52.332560 -445 786 958
52.353788 -444 786 951
52.374954 -438 786 956
52.395971 -441 792 959
52.416909 -443 791 948
52.437988 -446 796 956
52.458857 -444 794 955
52.479735 -436 792 948
52.500677 -449 788 953
52.521659 -443 787 955
52.542721 -448 795 954
52.563737 -444 786 954
52.584748 -441 791 960
52.605706 -447 785 953
52.626787 -437 785 951
52.648112 -445 795 952
52.669244 -442 790 958
52.690501 -442 790 951
52.712345 -444 791 955
52.733907 -446 795 950
52.755204 -443 783 954
52.776465 -444 794 956
52.797687 -439 790 952
52.818901 -446 789 955
52.839939 -443 792 951
52.860962 -445 787 958
52.882058 -446 791 956
52.903119 -444 794 952
52.924189 -439 789 957
52.945232 -447 789 955
52.966348 -445 792 949
52.987411 -447 791 953
53.008543 -444 787 954
53.029575 -445 787 950
53.051042 -446 789 951
53.073049 -444 791 960
53.094303 -445 793 956
53.115458 -446 784 953
53.136584 -439 790 952
53.157865 -440 790 952
53.178954 -443 785 952
53.200642 -448 788 953
53.222152 -441 785 953
53.243603 -445 790 952
53.264987 -442 791 949
53.286246 -442 792 952
53.307271 -443 788 951
53.328339 -442 787 953
53.349485 -446 791 948
53.370524 -447 785 952
53.391766 -442 789 956
53.413191 -442 789 957
53.434434 -440 796 952
53.455963 -447 793 955
53.477206 -437 787 949
53.498306 -445 793 954
53.519207 -445 793 947
53.540134 -436 789 957
53.561440 -437 789 952
53.582649 -443 790 951
53.603677 -443 786 955
53.624707 -444 790 953
53.645735 -444 788 956
53.666788 -443 787 949
53.687782 -445 787 952
53.708819 -443 791 956
53.729863 -444 795 957
53.750924 -445 787 953
53.772960 -442 788 952
53.794591 -440 788 951
53.816286 -442 790 955
53.837808 -441 790 951
53.858933 -446 793 956
53.879812 -443 788 952
53.900885 -442 789 953
53.921935 -441 789 947
53.943002 -444 790 949
53.964226 -441 793 958
53.985253 -445 791 954
54.006255 -442 794 954
54.027271 -446 792 953
54.048291 -443 782 954
54.069337 -445 791 951
54.090369 -450 792 950
54.111361 -441 792 953
54.132460 -442 787 952
54.153447 -443 790 955
54.174432 -445 792 952
54.195407 -438 789 957
54.216497 -438 786 955
54.237591 -443 792 959
54.258652 -440 791 950
54.279533 -438 787 954
54.300591 -440 792 960
54.321608 -443 790 953
54.342788 -438 784 952
54.363863 -443 788 955
54.384926 -440 790 954
54.405935 -443 790 959
54.426942 -441 788 957
54.448063 -441 791 949
54.469126 -446 787 950
54.490143 -442 793 953
54.511132 -441 789 957
54.532765 -438 788 957
54.554086 -441 788 956
54.575214 -442 786 952
54.596244 -442 788 949
54.617257 -446 784 953
54.638356 -435 786 955
54.659197 -445 790 956
54.680148 -443 790 951
54.701221 -438 785 950
54.722227 -446 790 958
54.743315 -445 789 954
54.764407 -439 788 957
54.785476 -442 790 956
54.806475 -440 790 954
54.827564 -442 788 951
54.848686 -445 790 955
54.869751 -441 788 954
54.890809 -443 784 956
54.911849 -438 789 956
54.932978 -439 793 949
54.953898 -445 794 949
54.974868 -443 791 952
54.995891 -437 787 954
55.016999 -442 788 954
55.038061 -442 787 952
55.058911 -442 790 952
55.079796 -444 788 954
55.100983 -441 790 956
55.122189 -441 786 952
55.143495 -441 788 960
55.164586 -439 786 961
55.185653 -443 783 955
55.206827 -444 791 955
55.227835 -438 790 955
55.248865 -437 791 958
55.269836 -438 789 954
55.290835 -439 789 951
55.311895 -441 792 960
55.332994 -443 789 956
55.354027 -441 792 956
55.375026 -441 790 954
55.396068 -442 789 949
55.417171 -440 789 959
55.438430 -440 786 951
55.459355 -440 794 953
55.481057 -436 784 958
55.502429 -443 792 956
55.523737 -438 789 958
55.544973 -443 786 958
55.566244 -438 789 956
55.587328 -440 790 955
55.608438 -443 790 949
55.629542 -446 790 953
55.650672 -440 785 958
55.671696 -444 794 957
55.692796 -442 788 955
55.714186 -438 787 951
55.735159 -442 788 954
55.756138 -445 786 955
55.777180 -443 793 955
55.798577 -438 788 953
55.819679 -440 788 954
55.840694 -438 789 950
55.861709 -444 790 954
55.882751 -442 792 956
55.903837 -443 789 958
55.924934 -441 787 956
55.945915 -441 787 956
55.967046 -441 787 955
55.988140 -444 790 953
56.009226 -448 785 955
56.030286 -442 793 958
56.051297 -441 789 954
56.072462 -441 791 954
56.093508 -444 789 952
56.114484 -441 788 949
56.135454 -439 786 956
56.156431 -441 794 954
56.177992 -448 792 955
56.199029 -442 787 954
56.220059 -443 787 948
56.241131 -445 789 957
56.262092 -443 789 952
56.283143 -445 790 959
56.304285 -443 790 952
56.325410 -439 791 950
56.346459 -441 791 953
56.367492 -438 783 956
56.388493 -440 790 953
56.409548 -445 791 954
56.430612 -440 789 954
56.451629 -436 788 954
56.472629 -447 789 951
56.493716 -440 794 958
56.514684 -437 789 953
56.535900 -440 792 951
56.557355 -443 790 957
56.578346 -445 790 955
56.599276 -439 789 958
56.620197 -440 792 951
56.641293 -438 786 955
56.662323 -440 789 951
56.683440 -438 788 954
56.704489 -444 788 955
56.725689 -440 789 953
56.746670 -436 787 957
56.767769 -441 789 957
56.788763 -440 789 951
56.809837 -446 792 955
56.830879 -445 786 953
56.851900 -442 789 955
56.873082 -443 788 953
56.894366 -441 793 950
56.915585 -441 790 953
56.936739 -444 793 953
56.958078 -441 790 953
56.979103 -440 794 952
57.000245 -443 789 954
57.021427 -442 786 954
57.042497 -441 786 951
57.063567 -445 792 955
57.084688 -440 789 959
57.105961 -442 796 955
57.127475 -441 790 958
57.148517 -445 791 952
57.169588 -444 790 954
57.190688 -435 790 952
57.211707 -442 787 955
57.232777 -445 789 953
57.253784 -442 788 953
57.274763 -442 795 955
57.295807 -441 786 954
57.317011 -445 789 953
57.337964 -443 782 953
57.358983 -435 788 955
57.380407 -444 790 952
57.401523 -442 788 950
57.422795 -445 792 953
57.444019 -439 788 955
57.465046 -443 788 955
57.486071 -441 791 954
57.507150 -444 788 958
57.528214 -443 790 954
57.549300 -438 789 956
57.570371 -442 789 954
57.591399 -439 790 954
57.612465 -439 792 952
57.633599 -442 795 956
57.654737 -446 788 953
57.675724 -442 784 952
57.696803 -445 794 951
57.718218 -438 791 958
57.739177 -440 786 954
57.760053 -443 789 956
57.781069 -444 793 954
57.802079 -442 787 955
57.823045 -442 787 955
57.844451 -441 790 954
57.865530 -440 790 956
57.886513 -446 792 952
57.907533 -440 793 953
57.928622 -441 787 957
57.949716 -435 788 955
57.971152 -445 792 954
57.992935 -442 788 955
58.014523 -438 792 954
58.035940 -440 794 956
58.057641 -441 785 950
58.078712 -436 792 954
58.099620 -440 790 955
58.120666 -440 787 955
58.141666 -436 787 957
58.162727 -442 791 952
58.183831 -441 791 949
58.204842 -442 790 955
58.225884 -442 788 954
58.246894 -437 784 953
58.268228 -441 788 952
58.289363 -441 792 955
58.310577 -442 790 951
58.331717 -443 791 952
58.352830 -443 790 958
58.373868 -441 787 952
58.394807 -443 794 957
58.415808 -435 789 955
58.436881 -445 789 955
58.458187 -445 794 956
58.479339 -444 787 953
58.500267 -448 788 952
58.521206 -446 785 950
58.542370 -445 791 954
58.563444 -440 790 954
58.584674 -443 788 956
58.606478 -441 792 953
58.627873 -439 786 953
58.649283 -442 790 951
58.670496 -440 793 958
58.691547 -437 790 956
58.712599 -442 788 955
58.733736 -436 792 953
58.754792 -441 792 954
58.775825 -446 788 954
58.796893 -446 790 951
58.818047 -443 790 949
58.839141 -433 791 955
58.860053 -444 789 953
58.881254 -443 789 952
58.902660 -439 789 950
58.923820 -443 787 951
58.944787 -443 787 952
58.965842 -441 788 954
58.986921 -447 789 951
59.007973 -441 791 957
59.029037 -444 792 953
59.050135 -435 786 955
59.071359 -441 789 953
59.092461 -439 787 955
59.113495 -441 792 956
59.134533 -442 791 952
59.155753 -441 792 956
59.177074 -441 786 951
59.198785 -444 789 955
59.220290 -444 786 957
59.241579 -442 785 952
59.263182 -440 790 954
59.284885 -440 793 950
59.306323 -446 791 952
59.327698 -443 793 956
59.348981 -444 787 952
59.370170 -439 788 950
59.391045 -440 791 954
59.412074 -439 792 956
59.433206 -444 791 954
59.454204 -441 787 956
59.475336 -438 795 952
59.496301 -440 789 952
59.517541 -443 786 959
59.538737 -440 791 955
59.559692 -445 788 951
59.580678 -442 792 954
59.601754 -444 791 952
59.622649 -446 790 953
59.643699 -442 783 955
59.664799 -444 789 953
59.685824 -441 792 952
59.706719 -440 785 951
59.727809 -441 785 951
59.748885 -446 786 952
59.769947 -441 795 953
59.790889 -439 791 952
59.811886 -442 793 957
59.832995 -439 787 951
59.853906 -441 787 953
59.874915 -446 788 952
59.895961 -437 788 954
59.917276 -442 787 957
59.938352 -442 787 955
59.959260 -445 791 954
59.980175 -440 792 948
00.001836 -442 787 953
00.023269 -446 790 947
00.044480 -444 794 953
00.065616 -441 787 955
00.086662 -446 797 951
00.107730 -442 795 953
00.128763 -444 791 951
00.149826 -438 791 957
00.171043 -444 790 952
00.192188 -439 795 955
00.213248 -440 790 955
00.234315 -438 787 952
00.255290 -441 794 960
00.276868 -443 791 949
00.298482 -444 790 953
00.319976 -440 786 954
00.341355 -443 789 955
00.362446 -446 784 956
00.383508 -446 790 951
00.404546 -436 789 954
00.425611 -445 789 954
00.446689 -443 790 954
00.467797 -443 788 955
00.488986 -443 783 955
00.510178 -447 787 954
00.531274 -452 792 955
00.552864 -441 789 954
00.574573 -446 793 957
00.595525 -437 789 954
00.616486 -443 789 959
00.637682 -441 789 951
00.658723 -437 791 957
00.679638 -449 788 955
00.700523 -445 793 948
00.721654 -443 793 959
00.742772 -441 786 958
00.763831 -440 789 953
00.784973 -444 790 956
00.805936 -442 788 959
00.826979 -440 790 955
00.848074 -445 784 956
00.869142 -445 791 956
00.890258 -440 793 957
00.911363 -444 789 955
00.932446 -440 790 952
00.953568 -437 790 952
00.974678 -441 789 951
00.995684 -443 790 955
01.016843 -434 790 951
01.038060 -442 788 954
01.059272 -445 788 954
01.080243 -439 788 957
01.101307 -442 787 955
01.122281 -441 786 954
01.143334 -444 791 955
01.164380 -442 789 957
01.185492 -442 793 952
01.206493 -445 792 955
01.227482 -437 792 954
01.248556 -441 787 958
01.269834 -443 789 951
01.291049 -440 789 957
01.312255 -446 790 958
01.333407 -444 788 953
01.354419 -439 793 955
01.375983 -440 790 957
01.397891 -441 792 953
01.419378 -446 794 952
01.440779 -443 790 956
01.461994 -441 792 952
01.483022 -443 792 956
01.504003 -443 787 956
01.525024 -446 788 952
01.546592 -439 788 952
01.568068 -442 785 948
01.589444 -444 788 954
01.610552 -446 793 953
01.631605 -443 792 956
01.652689 -444 787 955
01.674205 -440 787 955
01.695654 -439 791 952
01.716815 -442 792 953
01.737928 -445 791 950
01.759138 -444 790 951
01.779992 -443 790 947
01.800840 -445 786 956
01.821800 -438 787 956
01.842820 -444 791 952
01.863916 -444 793 954
01.885112 -441 793 955
01.906274 -443 788 953
01.927472 -439 790 953
01.948762 -437 789 954
01.970433 -440 788 955
01.992117 -436 786 951
02.013670 -448 793 956
02.034888 -444 792 956
02.055856 -442 791 955
02.076886 -444 791 951
02.097877 -439 790 951
02.118850 -442 790 950
02.139741 -445 784 956
02.160800 -443 788 954
02.182109 -442 792 953
02.203350 -442 787 952
02.224423 -446 790 952
02.245523 -444 789 955
02.266543 -441 790 950
02.287624 -446 791 951
02.308720 -445 788 954
02.329782 -444 791 949
02.350885 -442 789 957
02.371835 -440 789 956
02.392887 -441 790 953
02.413887 -444 789 954
02.434913 -440 787 958
02.456258 -442 791 954
02.477637 -441 791 956
02.498611 -444 792 949
02.519505 -441 794 954
02.540318 -438 790 953
02.561433 -447 791 955
02.582493 -444 786 959
02.603542 -441 786 949
02.624626 -442 791 951
02.645658 -441 789 951
02.666645 -442 789 949
02.687680 -444 790 959
02.708685 -450 788 956
02.729779 -443 785 953
02.750936 -441 790 950
02.771996 -442 786 956
02.793089 -443 786 952
02.814063 -444 791 954
02.835073 -441 793 952
02.856071 -440 788 953
02.877307 -442 789 958
02.899181 -440 788 953
02.920988 -445 790 949
02.942350 -443 790 954
02.963833 -439 790 956
02.985246 -444 787 957
03.006478 -442 789 954
03.027662 -441 788 956
03.049399 -442 790 953
03.071175 -440 789 952
03.092646 -442 788 956
03.113814 -446 787 954
03.135088 -441 783 953
03.156812 -443 790 951
03.178675 -439 788 955
03.200412 -440 788 952
03.221521 -444 790 956
03.242902 -440 789 949
03.263937 -445 795 957
03.285004 -442 784 951
03.306207 -442 785 952
03.327344 -443 791 955
03.348435 -439 785 954
03.369551 -446 790 952
03.390610 -441 784 954
03.411679 -446 792 954
03.432957 -437 791 953
03.453979 -440 787 957
03.474946 -444 794 955
03.495999 -448 794 952
03.517025 -441 785 956
03.538263 -432 793 955
03.559600 -444 789 953
03.580680 -437 789 955
03.601691 -440 790 953
03.622709 -444 790 954
03.643768 -442 787 953
03.664825 -442 791 954
03.685931 -444 795 954
03.706838 -444 790 952
03.727921 -441 789 955
03.748983 -442 784 948
03.770094 -441 788 953
03.791167 -440 787 952
03.812484 -440 789 954
03.833571 -439 788 958
03.854583 -445 788 952
03.875584 -442 792 956
03.896681 -438 795 957
03.917846 -442 787 949
03.939005 -441 788 952
03.959995 -436 793 955
03.980889 -441 788 956
04.001989 -438 790 955
04.023015 -437 787 954
04.044151 -445 789 954
04.065203 -442 795 956
04.086368 -438 789 957
04.107322 -441 792 957
04.128389 -440 783 954
04.149449 -441 788 953
04.170512 -445 786 954
04.191535 -437 788 954
04.212673 -442 787 957
04.233737 -444 790 951
04.254846 -439 785 955
04.275890 -439 792 951
04.296908 -438 785 952
04.318097 -439 790 953
04.338988 -440 788 959
04.359856 -442 790 952
04.380872 -442 790 952
04.402051 -441 789 952
04.423078 -442 787 955
04.444109 -439 786 952
04.465051 -443 796 953
04.486396 -445 788 953
04.507448 -437 787 951
04.528550 -453 785 955
04.549614 -439 788 956
04.570666 -441 787 953
04.591667 -439 787 952
04.612856 -441 787 952
04.633913 -442 788 955
04.654941 -443 791 957
04.676059 -443 787 958
04.697027 -441 791 951
04.718471 -448 789 953
04.739567 -440 788 960
04.760563 -443 783 959
04.781561 -436 790 952
04.802753 -443 790 958
04.823809 -439 787 951
04.845107 -444 795 950
04.866522 -440 791 956
04.887940 -439 784 952
04.909024 -439 789 952
04.930158 -437 791 955
04.951027 -443 791 953
04.972058 -440 790 954
04.993155 -435 786 953
05.014215 -436 788 951
05.035274 -446 792 955
05.056203 -442 788 950
05.077390 -442 788 954
05.098364 -441 785 954
05.119283 -445 787 953
05.140135 -437 787 955
05.161196 -440 789 953
05.182226 -447 792 955
05.203296 -440 791 952
05.224343 -443 786 950
05.245348 -442 791 953
05.266367 -445 788 955
05.287421 -443 788 955
05.308512 -445 792 954
05.329611 -447 787 952
05.350686 -437 783 954
05.371884 -442 792 958
05.393084 -440 789 954
05.414061 -443 784 951
05.435333 -440 792 954
05.456564 -439 788 955
05.477846 -442 782 956
05.499081 -443 792 953
05.520057 -441 788 954
05.541173 -445 789 953
05.562336 -443 785 954
05.583406 -443 788 954
05.604963 -443 792 956
05.626173 -445 789 957
05.647359 -440 788 956
05.668528 -444 787 954
05.689536 -447 788 956
05.710630 -445 796 953
05.731637 -442 787 955
05.753139 -435 788 952
05.774530 -438 787 953
05.795736 -441 790 957
05.817036 -445 787 952
05.838615 -437 790 951
05.859859 -449 788 956
05.881575 -446 784 953
05.903128 -447 793 953
05.924571 -442 787 954
05.945936 -442 787 946
05.967168 -439 791 951
05.988572 -440 789 958
06.010020 -446 793 951
06.031359 -442 791 949
06.052730 -441 793 955
06.073886 -446 788 954
06.094834 -438 789 955
06.115737 -441 785 953
06.136734 -437 790 955
06.157936 -440 789 957
06.178833 -442 788 952
06.199691 -445 788 955
06.220581 -437 792 956
06.241728 -437 790 952
06.262773 -443 786 945
06.283831 -443 788 956
06.304818 -442 788 956
06.325870 -445 787 957
06.346925 -439 788 952
06.367974 -446 791 955
06.388893 -438 789 953
06.409876 -444 788 956
06.430949 -444 785 955
06.452050 -439 789 952
06.473030 -440 787 957
06.493986 -441 793 953
06.514955 -442 791 951
06.536029 -441 794 954
06.557103 -439 792 953
06.578121 -442 792 957
06.598972 -446 792 957
06.620030 -440 787 952
06.641494 -444 794 954
06.662784 -439 784 953
06.683862 -445 790 955
06.704857 -444 791 952
06.725907 -443 792 957
06.746979 -444 793 950
06.768100 -444 786 955
06.789285 -445 791 956
06.810354 -438 788 954
06.831388 -441 786 952
06.852538 -443 791 950
06.873493 -444 790 957
06.894477 -442 792 954
06.915536 -440 790 953
06.936738 -439 790 951
06.958014 -441 791 954
06.978964 -444 786 952
06.999795 -436 789 948
07.020678 -448 789 953
07.041742 -442 789 953
07.062720 -443 785 954
07.083976 -444 790 954
07.105097 -443 789 957
07.126079 -440 790 954
07.147148 -445 788 953
07.168235 -440 789 954
07.189237 -441 791 953
07.210233 -441 789 952
07.231311 -451 796 953
07.252384 -428 777 952
07.273398 -450 793 951
07.294401 -441 788 956
07.315384 -442 787 951
07.336461 -443 794 958
07.357812 -447 794 954
07.379606 -443 791 954
07.401143 -438 789 962
07.422253 -441 790 953
07.443420 -441 787 954
07.464683 -447 793 956
07.485735 -439 786 953
07.506706 -443 794 955
07.528236 -442 788 950
07.549988 -444 787 956
07.571545 -446 790 955
07.592788 -441 789 956
07.613813 -448 791 951
07.634804 -447 793 956
07.655750 -436 787 952
07.676750 -442 793 950
07.697806 -444 787 952
07.718715 -443 794 958
07.739615 -443 787 952
07.760752 -439 786 949
07.782216 -441 789 953
07.803919 -440 791 953
07.825307 -439 789 959
07.846519 -443 783 955
07.867601 -444 792 957
07.888582 -442 792 951
07.909645 -441 793 957
07.930781 -444 785 957
07.951819 -436 790 953
07.973014 -440 793 951
07.994016 -444 792 955
